0.705242155813431,0.724,0.775393526488028,0.725929807256207,0.774992035491662,0.569453396014286,0.740484416484833,0.5,0.7,0.00150195181849212,0.765774612823761
0.554793963096752,0.559333333333333,0.578513608593106,0.641509906194195,0.720241521562438,0.521732095663293,0.740484416484833,0.5,0.625,0.00042774008181611,0.581047729562875
0.63541253559118,0.740666666666667,0.750411434194235,0.699523877283434,0.774722042140352,0.527531286208624,0.740484416484833,0.5,0.65,0.00188128112253876,0.660238793054657
0.726910862650342,0.522,0.635298452648594,0.602768816434854,0.674579687586898,0.958664144662233,0.740484416484833,0.5,0.625,0.00220777828739236,0.730198296001371
0.806818798094365,0.702,0.785657160071119,0.702390075691056,0.748628539031357,0.958695545415575,0.740484416484833,0.5,0.675,0.00123920991433328,0.83732441088115
0.451885237449251,0.464666666666667,0.494287568328961,0.56427359687662,0.676616761103822,0.521591150228477,0.740484416484833,0.5,0.65,0.00016534588322196,0.477153878432392
0.710295188756755,0.589333333333333,0.668840765672599,0.79151695578321,0.843493906167791,0.578209400285554,0.740484416484833,0.5,0.7,0.000892019394763942,0.747864954899916
0.559182090861074,0.479333333333333,0.567644767376643,0.685610372727932,0.759597883355302,0.522200373069828,0.740484416484833,0.5,0.7,0.00032092649256747,0.572603298466911
0.714081188196801,0.352,0.497748096859034,0.67171810719726,0.745399080200955,0.760908598960222,0.740484416484833,0.5,0.65,0.00144129289757383,0.75886870941361
0.691103688540602,0.881333333333333,0.839015470501431,0.765857416942121,0.802090039738681,0.740896923331541,0.740484416484833,0.5,0.725,0.00122230146679593,0.730744860492125
0.730551121413177,0.799333333333333,0.800498345056257,0.758822833407494,0.789813949752076,0.958583765996043,0.740484416484833,0.5,0.725,0.00129258909197909,0.740299189512626
0.7569955879435,0.579333333333333,0.734806875740429,0.706380956997534,0.78197761896007,0.714017878341432,0.740484416484833,0.5,0.65,0.00239357000879676,0.811954587762743
0.701774999684585,0.654666666666667,0.592278601529644,0.586874641824305,0.642531073911172,0.600073860181923,0.740484416484833,0.5,0.525,0.000546620176640821,0.742737969598584
0.839052558845381,0.668666666666667,0.78475595449163,0.823279864821857,0.864028395438168,0.958895686226552,0.740484416484833,0.5,0.8,0.00131593138978241,0.85155970308545
0.962206014125103,0.929333333333333,0.905562602197405,0.868541458173571,0.822089648842614,0.958898164152607,0.740484416484833,0.5,0.875,0.0997882828093979,0.952464958983146
0.444640710780029,0.607333333333333,0.614766003529619,0.519179837198489,0.659620994889516,0.52159101297766,0.740484416484833,0.5,0.65,0.000932955318827016,0.515263776670715
0.739550645913444,0.611333333333333,0.665327008101415,0.804097961776447,0.848896877444684,0.749121081610316,0.740484416484833,0.5,0.75,0.00132710842147972,0.777320098649097
0.943565583831774,0.898666666666667,0.893309569047189,0.819788713821545,0.867680260560862,0.958898164152607,0.740484416484833,0.5,0.925,0.999999676095005,0.831922499074237
0.674556435673716,0.483333333333333,0.557262470002778,0.663569018929979,0.738654845854576,0.736242647319646,0.740484416484833,0.5,0.675,0.00113542734957638,0.706956450776882
0.992439713980331,0.905333333333333,0.892597125341445,0.608955927874649,0.82759960921756,0.958898164152607,0.740484416484833,0.5,0.925,1,0.950488860625482
0.553317708475786,0.53,0.607720703131937,0.701497472014948,0.766624739574877,0.521608263610456,0.740484416484833,0.5,0.625,0.00051375867149391,0.588078323460485
0.616739309527233,0.811333333333333,0.795939551973605,0.678893407488373,0.753385697889426,0.525376777811774,0.740484416484833,0.5,0.625,0.000841139413278745,0.625846001847176
0.469311641301506,0.304,0.432179136195323,0.562135022216959,0.690192167063709,0.521590974174532,0.740484416484833,0.5,0.575,0.000443444701657045,0.54243371307398
0.641726316689417,0.626666666666667,0.699948439737713,0.675422315990132,0.744176360192171,0.572136589276536,0.740484416484833,0.5,0.65,0.00119227849555517,0.667793566918195
0.645200385796152,0.694666666666667,0.674790749562236,0.626901192227393,0.730641466876295,0.539275348278042,0.740484416484833,0.5,0.675,0.000781614861651113,0.691413185723122
0.898683799756037,0.958666666666667,0.896017977150062,0.80125011462273,0.840762262560177,0.958898164152607,0.740484416484833,0.5,0.926829268292683,0.99999994728392,0.711985336673999
0.5757608694169,0.580666666666667,0.6719668024234,0.592451427943477,0.670714163310088,0.521602398717093,0.740484416484833,0.5,0.575,0.000767181807033951,0.639826842035196
0.458460561255899,0.508666666666667,0.481689972442803,0.499887804944164,0.654310635197082,0.521591163940599,0.740484416484833,0.5,0.575,0.000280628601526715,0.495471471752133
0.478640020654563,0.564,0.637047598249751,0.480727098332403,0.656260698409702,0.521610838253911,0.740484416484833,0.5,0.575,0.000430641194347851,0.498795014047917
0.611371389493303,0.622666666666667,0.667935819434854,0.66465761073499,0.756322744487019,0.524678611614025,0.740484416484833,0.5,0.575,0.000561414070547833,0.644988508980481
0.570184356577604,0.704666666666667,0.740229930050632,0.550243335115154,0.664661441500679,0.530797582110954,0.740484416484833,0.5,0.65,0.000340836110538513,0.584086623252231
0.709736458353871,0.798,0.734112828819385,0.726125604408882,0.757099347355001,0.955429858979625,0.740484416484833,0.5,0.75,0.00259407446468301,0.722467887560438
0.660962498903898,0.538666666666667,0.619706768574548,0.678489925854967,0.718779144095056,0.523284687900812,0.740484416484833,0.5,0.7,0.00132286012425804,0.728617894759196
0.868699055205079,0.865333333333333,0.854935541379929,0.807284491959166,0.859324306523909,0.958898164152607,0.740484416484833,0.5,0.780487804878049,0.926009168052674,0.774685687577824
0.649654856733254,0.738666666666667,0.697715977931041,0.651151705467155,0.721742883123483,0.522319664432104,0.740484416484833,0.5,0.65,0.00913983781184329,0.671952900596367
0.603505233906778,0.442666666666667,0.542635737881802,0.657078890613821,0.725797997030649,0.521817018328477,0.740484416484833,0.5,0.7,0.0011385466243143,0.675088306523595
0.457773886662602,0.412666666666667,0.535601161438813,0.599061108054145,0.694575095656222,0.521590963800544,0.740484416484833,0.5,0.625,0.000584680665034548,0.532587739175342
0.702563663807802,0.64,0.701619042304061,0.54829072763448,0.604916503223545,0.9551609542509,0.740484416484833,0.5,0.625,0.00130250780014755,0.700441198582167
0.64625964472738,0.611333333333333,0.676162228850764,0.516206285177334,0.472248341342894,0.915136706856865,0.740484416484833,0.5,0.675,0.00175381298395424,0.656854457669499
0.835520649631564,0.906,0.86113347643501,0.73254969161828,0.722141695597949,0.958898164151362,0.740484416484833,0.5,0.825,0.999988914485131,0.727864960587196
0.532528817666161,0.386,0.416246414363052,0.546648684840234,0.695863467088384,0.521596923528065,0.740484416484833,0.5,0.585365853658537,0.000571490163251072,0.584259078028166
0.513250478818601,0.497333333333333,0.6247985755926,0.660783507158921,0.752843446923698,0.521595547247555,0.740484416484833,0.5,0.6,0.000432377994566684,0.553670287565035
0.550638625045823,0.406666666666667,0.466977558445925,0.665377714210454,0.761297142932572,0.521594046792165,0.740484416484833,0.5,0.675,0.000601327892944671,0.589214897279372
0.965474049821953,0.963333333333333,0.895923851317787,0.872695067694369,0.833778685491106,0.958898164152607,0.740484416484833,0.5,0.95,0.999999999999415,0.882762414047554
0.899352244498156,0.937333333333333,0.894863195589832,0.880086105683038,0.841541471578417,0.958898164152605,0.740484416484833,0.5,0.925,0.016930123094591,0.87754593416845
0.863330937416126,0.875333333333333,0.858937221269713,0.842940827781996,0.816099540166934,0.958898164151583,0.740484416484833,0.5,0.875,0.0049047477233932,0.851275653367781
0.78578436693827,0.717333333333333,0.748841803608098,0.845054999121336,0.815192733169374,0.958884259681116,0.740484416484833,0.5,0.875,0.0014360031132572,0.815807002755841
0.765246102415175,0.78,0.757397403963042,0.794436320165751,0.782343583836721,0.958712218670298,0.740484416484833,0.5,0.825,0.00113820053986364,0.802923745249109
0.821091936211444,0.866,0.852534064528485,0.761699670257019,0.824019694408314,0.958898164152377,0.740484416484833,0.5,0.775,0.0600409515965866,0.762208459784856
0.551299649857102,0.589333333333333,0.628264222687459,0.637943818953776,0.743283279287135,0.521681727764953,0.740484416484833,0.5,0.625,0.000487847780133551,0.596935793819476
0.864896829644127,0.917333333333333,0.839910313076745,0.887398377842612,0.841308389507316,0.958898144976827,0.740484416484833,0.5,0.925,0.0211409923633854,0.875267615304648
0.584714723120985,0.552666666666667,0.672997079383283,0.685236529606586,0.76643633462404,0.561660100796488,0.740484416484833,0.5,0.675,0.000902177207004691,0.589145821285047
0.835145626103223,0.932,0.86815205888786,0.875151372792977,0.801492185092564,0.958897045745018,0.740484416484833,0.5,0.85,0.010336459676535,0.851236011430625
0.60876669785734,0.652666666666667,0.667598299921728,0.643174978802088,0.719108805701706,0.521596521924402,0.740484416484833,0.5,0.725,0.00195512242959217,0.698303871391864
0.942425967205731,0.833333333333333,0.824561217174913,0.763272104864065,0.822349437962489,0.958898164152607,0.740484416484833,0.5,0.9,1,0.817284306910326
0.762797868959569,0.766666666666667,0.78590600425307,0.850420631539701,0.818762230382419,0.955382776116355,0.740484416484833,0.5,0.875,0.00221273811958015,0.816926860667268
0.6022385995306,0.687333333333333,0.595467887819095,0.616131897435863,0.693192973247125,0.521778073589537,0.740484416484833,0.5,0.536585365853659,0.000704475795985069,0.654868638674329
0.628736319146789,0.535333333333333,0.654155986835325,0.60925292935423,0.717311487921972,0.905490304585279,0.740484416484833,0.5,0.675,0.00122343819806704,0.623148221793866
0.649388131093742,0.584666666666667,0.630006780477802,0.631926879963828,0.585888829697757,0.556317233806612,0.740484416484833,0.5,0.7,0.00159620704071699,0.698577370471716
0.649076428658806,0.492,0.574583478803221,0.741411684456798,0.806319141005521,0.53311548468838,0.740484416484833,0.5,0.731707317073171,0.000577927778048998,0.669605168174602
0.875009028899457,0.908666666666667,0.893138801721394,0.790561040069041,0.82724419100018,0.958898164152607,0.740484416484833,0.5,0.875,0.783130848717865,0.765857002891426
0.65474908220932,0.498,0.606405215538625,0.769358893160615,0.802575219826383,0.528882808434453,0.740484416484833,0.5,0.775,0.000937572138132388,0.694536893780177
0.502904540157482,0.528,0.58269701454197,0.650658440602225,0.728252102444777,0.521591084725536,0.740484416484833,0.5,0.65,0.00064095621420171,0.549791588310931
0.781808035148207,0.762666666666667,0.809284517891814,0.688374954861718,0.754936362108838,0.924055800687797,0.740484416484833,0.5,0.725,0.00212668553058706,0.827791274391568
0.732604933115729,0.772,0.823733411688943,0.679770686297709,0.677432762899305,0.954445772167239,0.740484416484833,0.5,0.731707317073171,0.0014533131535659,0.75277614894346
0.557140160488221,0.575333333333333,0.529209434769591,0.60198269694677,0.652375864616947,0.521614550362877,0.740484416484833,0.5,0.675,0.00115725294732681,0.627793965399006
0.753721404990799,0.571333333333333,0.674362774919991,0.643543942506958,0.686886761484387,0.958867940427168,0.740484416484833,0.5,0.675,0.000827016535023729,0.741370893869231
0.597339700450973,0.552666666666667,0.615019608882222,0.553742853613988,0.673764269609075,0.523419656998471,0.740484416484833,0.5,0.585365853658537,0.00059191597246693,0.643248071703861
0.810991959273459,0.839333333333333,0.752951463557941,0.764118145699418,0.821314641949862,0.958727702218824,0.740484416484833,0.5,0.8,0.00142716355201725,0.844356844247642
0.66599138554788,0.702,0.739257251831599,0.778504635930325,0.77108844241159,0.525520101871151,0.740484416484833,0.5,0.825,0.00167511359781502,0.738311393353849
0.701010577860461,0.582666666666667,0.627936099604082,0.799420824785387,0.846913392226643,0.614828605080878,0.740484416484833,0.5,0.725,0.00123616865252446,0.730427795287799
0.540716576922764,0.581333333333333,0.582439698895489,0.527351459004187,0.633925404433591,0.521625024815226,0.740484416484833,0.5,0.625,0.000454667772791128,0.581894495550137
0.576434496303018,0.646666666666667,0.602617516413909,0.626501642017951,0.672388526348971,0.521721113511019,0.740484416484833,0.5,0.725,0.00130638564296738,0.642364331987272
0.527955908582483,0.600666666666667,0.631070481243662,0.67101953335032,0.777520276997861,0.52167537315245,0.740484416484833,0.5,0.6,0.000471797024075914,0.570201018195654
0.785346355851974,0.946,0.866939737322039,0.824689604154671,0.807800606682168,0.958895661657794,0.740484416484833,0.5,0.825,0.00196482195250803,0.790020511992104
0.58684893383146,0.499333333333333,0.588391000331591,0.726855482362345,0.769916684509981,0.52174093705483,0.740484416484833,0.5,0.675,0.000738043010270263,0.631472034008411
0.624328460961437,0.486666666666667,0.52339027026239,0.610548740671087,0.630990602148108,0.524559481960492,0.740484416484833,0.5,0.6,0.000565408944492527,0.661893842928601
0.994371756632795,0.927333333333333,0.893770660526653,0.616132378971542,0.845389791414329,0.958898164152607,0.740484416484833,0.5,0.925,1,0.971838761407215
0.476005238117539,0.508666666666667,0.538109909842654,0.639360480026525,0.729011236715687,0.521591254454449,0.740484416484833,0.5,0.675,0.000393971383777773,0.52688312696807
0.607081547914757,0.781333333333333,0.788003689867223,0.647187310338188,0.792490462013974,0.525985550765493,0.740484416484833,0.5,0.65,0.00141977013157547,0.645786183506128
0.534988608843257,0.399333333333333,0.47126158268552,0.667334580374712,0.746095865096059,0.521602410667116,0.740484416484833,0.5,0.7,0.000371680399477889,0.566887716974579
0.615371591438415,0.383333333333333,0.487383142159822,0.618008642501112,0.643792942464141,0.523620559018347,0.740484416484833,0.5,0.6,0.00059825722062758,0.655431449780092
0.756025624658718,0.926,0.852390462938686,0.771337538864716,0.798994730287532,0.957611927407392,0.740484416484833,0.5,0.725,0.0116006541695802,0.761961558579692
0.581055638454141,0.536666666666667,0.626191884280546,0.599505914337632,0.716031624478226,0.521714202310347,0.740484416484833,0.5,0.575,0.000657746920744951,0.63622918184617
0.47800525122476,0.432,0.468289022441866,0.552587640115982,0.659503654545834,0.521590987581621,0.740484416484833,0.5,0.575,0.000689847431363623,0.548477213442689
0.772729144343344,0.795333333333333,0.799095131027513,0.80198655330266,0.847062245822775,0.952363083212086,0.740484416484833,0.5,0.75,0.00133771747512763,0.806700249815004
0.749022551637632,0.597333333333333,0.643412083833535,0.661989868754674,0.71514555100811,0.816746137516232,0.740484416484833,0.5,0.725,0.00141385497050918,0.807440341029215
0.83146275503652,0.882666666666667,0.877132078409556,0.826115148879512,0.833760389539473,0.958897799724909,0.740484416484833,0.5,0.825,0.00167912834933087,0.841711635865022
0.841527968083222,0.654,0.754234939879246,0.720132397432436,0.746551750579201,0.958801803546747,0.740484416484833,0.5,0.775,0.00234818726713967,0.87523524489552
0.726192488063891,0.612666666666667,0.613528220872658,0.709329072916729,0.774114645688348,0.872674751269733,0.740484416484833,0.5,0.7,0.00105538089295937,0.768156208134911
0.580408298730399,0.468666666666667,0.605773527454515,0.512363983287153,0.634536972862865,0.521675374581097,0.740484416484833,0.5,0.65,0.00157083846312506,0.637234882507221
0.901324771745103,0.972,0.892202877052719,0.839848968316911,0.785912729183964,0.958898164152607,0.740484416484833,0.5,0.85,0.90979243835073,0.838631434162051
0.660433869172443,0.368,0.509330518698876,0.620496215642756,0.718766450780857,0.52950304523533,0.740484416484833,0.5,0.65,0.000740144506672435,0.710930378005221
0.612936132775316,0.733333333333333,0.66784626728623,0.67995834660998,0.755312464400779,0.522042358114756,0.740484416484833,0.5,0.675,0.00329585825261545,0.634362031788805
0.622937886334862,0.408,0.514625927528321,0.630789724985546,0.723923206116172,0.523160864361143,0.740484416484833,0.5,0.575,0.000913062633456012,0.681351890561077
0.676108164524593,0.408666666666667,0.541137351878301,0.652335489006397,0.746963554342004,0.553799644749486,0.740484416484833,0.5,0.575,0.000853200570435226,0.72209492173523
0.695195078281274,0.555333333333333,0.537191622324146,0.626879114940802,0.677012099139579,0.647326220540036,0.740484416484833,0.5,0.725,0.000970468297893851,0.751758740287017
0.701621854902063,0.654,0.55543743654979,0.66216170213767,0.700622347161148,0.64732353427524,0.740484416484833,0.5,0.75,0.000944846465415595,0.760782606905753
0.703212660938194,0.476666666666667,0.485105571086079,0.586387047246665,0.632481214673785,0.639373761624242,0.740484416484833,0.5,0.625,0.000852529142740907,0.761928542382907
0.880616857641987,0.747333333333333,0.79668761870371,0.828425417306105,0.833925466362357,0.958898164152606,0.740484416484833,0.5,0.9,0.999999996779613,0.770098739021637
0.918566882333122,0.979333333333333,0.907398903554973,0.853852977952474,0.882176404881991,0.958898164152607,0.740484416484833,0.5,0.925,0.927387891694027,0.865350892198247
0.754758248791048,0.786666666666667,0.827264411616016,0.719594361036476,0.778095758696442,0.958838567804985,0.740484416484833,0.5,0.761904761904762,0.00129127427874419,0.767243515517257
0.585962069419002,0.331333333333333,0.484445347227998,0.612188454600295,0.718845591626375,0.521613664139124,0.740484416484833,0.5,0.625,0.0010411839051252,0.662146050635286
0.709589804762142,0.41,0.435698035685315,0.602942123055773,0.643429225200739,0.889745996064051,0.740484416484833,0.5,0.625,0.000666422504211109,0.756472883180403
0.751752629423655,0.592666666666667,0.584404550831486,0.715701543877721,0.722746871351801,0.957982390159502,0.740484416484833,0.5,0.75,0.000946702177218783,0.782755923187313
0.600985060974124,0.684,0.723973340446222,0.656447453212846,0.734727815583177,0.52214884742304,0.740484416484833,0.5,0.625,0.000871266385111323,0.65053426035169
0.747888161529599,0.820666666666667,0.761831799148016,0.613887446963603,0.729492276997075,0.958898164147098,0.740484416484833,0.5,0.7,0.638690467069031,0.644548931210271
0.713832811703591,0.563333333333333,0.51878511035694,0.609987770972233,0.682394954343197,0.822282103843903,0.740484416484833,0.5,0.575,0.000854870816338226,0.756716710213982
0.986420652225243,0.725333333333333,0.850222230448419,0.823995010114831,0.818747570112963,0.958898164152607,0.740484416484833,0.5,0.9,0.99999999973458,0.972255111903916
0.86803146308514,0.648,0.766711480782491,0.825054717554652,0.862739319935297,0.958898164152607,0.740484416484833,0.5,0.85,0.91962825409241,0.787318487020899
0.620378644618653,0.380666666666667,0.516079332534084,0.520326471683666,0.600247917967215,0.522501662547638,0.740484416484833,0.5,0.6,0.000767032112905809,0.689006733817417
0.45336702924342,0.412,0.518734273230416,0.600495491278069,0.71826794081127,0.521590974388442,0.740484416484833,0.5,0.625,0.000377852248454136,0.520816130488935
0.610096646053316,0.721333333333333,0.749188514439534,0.7444438067985,0.802488309761877,0.52170789206013,0.740484416484833,0.5,0.725,0.000761779383442329,0.658577385451856
0.581671288082709,0.556666666666667,0.65050381217644,0.611939968288309,0.726028132790515,0.521743925922478,0.740484416484833,0.5,0.525,0.000810125906401402,0.63294261267446
0.823776048186854,0.752666666666667,0.795458557591879,0.694703739719093,0.805401592404872,0.958898164152607,0.740484416484833,0.5,0.8,0.980775705172054,0.721880813960123
0.919590278882023,0.962666666666667,0.903672846101759,0.883081189577131,0.876242181272038,0.958898164152607,0.740484416484833,0.5,0.875,0.867008980749297,0.872137503463933
0.970885604333726,0.964666666666667,0.898959469074066,0.910304813851101,0.88533224192832,0.958898164152607,0.740484416484833,0.5,0.95,1,0.862778639961859
0.990421348987876,0.821333333333333,0.756985200609413,0.621775108810583,0.696529736119796,0.958898164152607,0.740484416484833,0.5,0.925,1,0.728869234689822
0.80371260211734,0.768666666666667,0.757625868782009,0.719972333649933,0.790847671289111,0.958895782582054,0.740484416484833,0.5,0.725,0.0023978131303455,0.806457019490778
0.930030539865767,0.940666666666667,0.882664858344147,0.899702998850018,0.874363392800757,0.958898164152463,0.740484416484833,0.5,0.95,0.88126419491821,0.916315289786007
0.520303724697301,0.697333333333333,0.735643137320843,0.679298740440108,0.709910594464699,0.521592533181954,0.740484416484833,0.5,0.7,0.00247229854306036,0.610648638479981
0.72504136320214,0.708666666666667,0.754776495893486,0.844973097206475,0.808861714916567,0.939008563404244,0.740484416484833,0.5,0.875,0.00210216836975842,0.775617469059955
0.2745689699765,0.728666666666667,0.832667500763287,0.771872499428556,0.796010422312216,0.560861042412359,0.740484416484833,0.5,0.875,0.102682411077766,0.246444131638583
0.93412790248991,0.875333333333333,0.884337406811316,0.870022558289428,0.87285805924196,0.958898164152607,0.740484416484833,0.5,0.9,0.917665889853862,0.906821984743358
0.503107720711279,0.593333333333333,0.64530945333468,0.685218501270384,0.818790294079945,0.521712163393994,0.740484416484833,0.5,0.65,0.000941897876219334,0.545552548409959
0.913541592774182,0.914666666666667,0.895764868604531,0.912653493181145,0.859419455556378,0.958898164152605,0.740484416484833,0.5,0.95,0.581789458600845,0.888292111835854
0.97338305903178,0.908666666666667,0.902050635517629,0.650060408774211,0.6719649095911,0.958898164152607,0.740484416484833,0.5,0.875,0.999999999999724,0.945011051729273
0.986446792773514,0.808,0.884432216371077,0.611871732026056,0.608634958903512,0.958898164152607,0.740484416484833,0.5,0.925,1,0.96839315153406
0.592293539716278,0.794666666666667,0.676363538009681,0.583224188632159,0.674285198092,0.534555725776699,0.740484416484833,0.5,0.675,0.000643530372457,0.603803129959882
0.706161247410196,0.77,0.809122202428973,0.714788815738189,0.774416956774351,0.896117977715144,0.740484416484833,0.5,0.7,0.000836875246842873,0.738361240706809
0.670149907729535,0.764,0.741706956638417,0.584005775797296,0.664048265628152,0.949499358251085,0.740484416484833,0.5,0.55,0.000526472532061743,0.664508184072827
0.706489893519943,0.686,0.814166025639506,0.746472020880377,0.806610615951087,0.529232010485028,0.740484416484833,0.5,0.65,0.00166585332712326,0.766788722847008
0.624268359229463,0.418666666666667,0.620411788613096,0.520088044396526,0.666874216077065,0.957106927655016,0.740484416484833,0.5,0.625,0.00468598423218421,0.60566737878372
0.688911060037464,0.594,0.631266724886129,0.707622963801136,0.728357554817341,0.928004354433744,0.740484416484833,0.5,0.775,0.00129573938259505,0.716454938918372
0.841106241182651,0.718,0.76480607452528,0.81448097597866,0.813274648260678,0.958896070048664,0.740484416484833,0.5,0.875,0.00160221657709186,0.865859806302991
0.694683630390418,0.734666666666667,0.740768517508881,0.740029349932122,0.797564054926259,0.527716353684802,0.740484416484833,0.5,0.7,0.00180990540290609,0.75696218402456
0.976863555286704,0.878,0.894295620385227,0.613608860346272,0.708425655390141,0.958898164152607,0.740484416484833,0.5,0.9,0.999999996827875,0.959179522969602
0.619863143723741,0.808666666666667,0.725264334249944,0.64496996210755,0.711392926259621,0.523311338703407,0.740484416484833,0.5,0.731707317073171,0.00245770477733945,0.681758660968268
0.74397046552651,0.644,0.814971084731158,0.761047584245813,0.819549092246891,0.657449879308557,0.740484416484833,0.5,0.75,0.00201983504008121,0.799066625716285
0.567891414980541,0.527333333333333,0.68788704993283,0.676494722436502,0.764198337098385,0.574408587834264,0.740484416484833,0.5,0.725,0.000582599511837553,0.550715801602621
0.713389730461499,0.585333333333333,0.679488827188394,0.788058371367606,0.831093488834724,0.817088490431432,0.740484416484833,0.5,0.75,0.000807968854839522,0.743653793876814
0.702700895788111,0.558666666666667,0.705689294566769,0.765436215523369,0.824946044697495,0.743214249925811,0.740484416484833,0.5,0.675,0.000645731913092792,0.728997659188346
0.43396980957319,0.455333333333333,0.533136117544977,0.566105987728322,0.693954338388347,0.521591056346135,0.740484416484833,0.5,0.725,0.000155066038887439,0.462257654029723
0.591032214307221,0.765333333333333,0.672910117946846,0.540135188902962,0.664090900953405,0.534233576443347,0.740484416484833,0.5,0.625,0.000572914961180695,0.607276668821799
0.530598351678489,0.449333333333333,0.514821408340884,0.566378858833335,0.654093018085393,0.52159371948428,0.740484416484833,0.5,0.625,0.00122339134998376,0.590631229809857
