0.110330940611181,0.126,0.0512600758971037,0.369949402648607,0.0779386408448103,0.0000573122414350999,0.136439662461713,0,0.425,0.0985777906524514,0.0762421955469643
0.15339081387332,0.11,0.123385663731722,0.220823147940476,0.110856820682109,0.0000472930154315029,0.136439662461713,0,0.175,0.0043254390130981,0.0243199131471513
0.743416162758362,0.77,0.824086846548717,0.655035198936523,0.80171970514817,0.999811968006548,0.136439662461713,0,0.625,0.955318383885216,0.749198312879569
0.0142039154084763,0.03,0.0373893470788983,0.124448267159226,0.0406382650460144,0.0000458374431757193,0.136439662461713,0,0.075,0.00000375005227322049,0.00279121531704779
0.415273773537803,0.436666666666667,0.370323484456799,0.474695799890622,0.640344921548705,0.000236362094824105,0.791721133624806,1,0.5,0.655059073335518,0.371929317729602
0.967903706180576,0.830666666666667,0.871506223734549,0.848920491330522,0.935798118612217,0.999814403652581,0.923007856715809,1,0.775,0.999889280343181,0.987242853742645
0.177113499793208,0.290666666666667,0.406985280081921,0.279590717885482,0.117067777151673,0.0000557708675014142,0.136439662461713,0,0.275,0.0362978920146759,0.0650434986040021
0.667288137803627,0.484,0.462144118139767,0.562341556417215,0.829372088847771,0.999804137407475,0.923007856715809,1,0.475,0.680549501331884,0.65353482122311
0.31353577545365,0.574,0.648986903815467,0.417087664213403,0.550328710044127,0.000156260834652449,0.950841751965609,1,0.475,0.0722965912893688,0.31486695438035
0.508357873151268,0.407333333333333,0.428666852535808,0.450931526107482,0.340064737055119,0.999805334005422,0.923007856715809,1,0.4,0.803419307943389,0.343730065589342
0.992343118574612,0.965333333333333,0.958237043247599,0.8696068962373,0.972818062113308,0.999814404566904,0.923007856715809,1,0.875,0.999998502951747,0.998954146854137
0.45704278820136,0.395333333333333,0.414213924121976,0.315573800930178,0.392356489787103,0.189154520882006,0.136439662461713,0,0.25,0.0596384668995814,0.297751022291113
0.81832350253522,0.670666666666667,0.760970857137131,0.706709640190115,0.800817035501369,0.999792027263723,0.153086423873901,0,0.775,0.990587098991591,0.969154458080244
0.879360708373591,0.681333333333333,0.695104040655775,0.722454687833469,0.829236671891162,0.99979588229231,0.923007856715809,1,0.725,0.999804442317866,0.932744070279464
0.0701587310112228,0.102666666666667,0.0846830514839305,0.218527357740431,0.0475195543834636,0.0000458887071852579,0.136439662461713,0,0.2,0.00306249688601779,0.0366342631305389
0.0780627448861939,0.124,0.10763552655788,0.162700288482074,0.120910351506944,0.0000459734479306656,0.136439662461713,0,0.2,0.000911833560920702,0.0258754193546111
0.0592221726187084,0.0513333333333333,0.0452808110474407,0.139676000572307,0.0409814021161935,0.0000458406220817353,0.136439662461713,0,0.05,0.00505115413571317,0.0185917698988306
0.0455011381682874,0.174666666666667,0.0858031240782566,0.167648223307774,0.0646054538446019,0.0000458378056280189,0.136439662461713,0,0.15,0.00172930420804689,0.0120450635713324
0.867923970428516,0.748666666666667,0.804355190967939,0.606880856655407,0.703515476084463,0.999813901358898,0.182407412162326,0,0.55,0.987710729238423,0.843734442700889
0.0979418459361881,0.124,0.126532590950464,0.173376445846577,0.0625912082046012,0.0000458697310049348,0.136439662461713,0,0.15,0.00344054394538085,0.0414698898589055
0.0136646887914707,0.0473333333333333,0.0398630337401654,0.0954071537916814,0.0310412606609903,0.0000458374347533538,0.136439662461713,0,0.075,0.0000330168961737324,0.00215906685113531
0.885602873808888,0.769333333333333,0.732129117139304,0.680685536834935,0.803504611141932,0.999812028741788,0.791721133624806,1,0.775,0.999999977563915,0.978414717852865
0.0834661514918571,0.112,0.109023176811946,0.20810017523503,0.13785690062594,0.0000471866629625896,0.136439662461713,0,0.225,0.000948052179067094,0.0315585750023484
0.0873819147166696,0.273333333333333,0.223071791793769,0.381041833395899,0.218705028352636,0.0000458420546632653,0.114814817905426,0,0.375,0.0450860833528448,0.057358445748114
0.911463145465756,0.784,0.802688056349236,0.648436026605395,0.906089697018053,0.999814383484494,0.923007856715809,1,0.75,0.999732117509532,0.876194912630361
0.109996872136878,0.352666666666667,0.248250131452029,0.43338147824358,0.29687062741571,0.0000459423676410687,0.114814817905426,0,0.425,0.533330822349135,0.122358843352703
0.18441579087773,0.477333333333333,0.429253412883181,0.414524845362185,0.535095773796317,0.0000541869759507088,0.136439662461713,0,0.375,0.257810343695151,0.0787932823032631
0.0658958119706298,0.125333333333333,0.132763674507807,0.151462024088579,0.114340238864204,0.0000458803561294592,0.136439662461713,0,0.1,0.00150979233211647,0.014923364477392
0.985113968908146,0.988,0.969393392455497,0.912993361992295,0.990604079315304,0.999814404531024,0.923007856715809,1,0.875,0.999999359218446,0.997697356332615
0.414677968679471,0.439333333333333,0.38602704122908,0.447112101305567,0.812795787771573,0.0000915890297458576,0.153086423873901,0,0.275,0.0832469090491866,0.429341421608019
0.261915701624376,0.578,0.316908197340152,0.45855225491244,0.803421800623096,0.134317773335084,0.136439662461713,0,0.275,0.156149649417978,0.0882464921627146
0.116870509737066,0.232666666666667,0.254424001569835,0.224512137715173,0.116458675636256,0.0000458724060635162,0.136439662461713,0,0.175,0.00473018842999907,0.0537922579737857
0.177949259594351,0.142666666666667,0.0931210372758932,0.383882775060875,0.142665237061195,0.0000917191729269611,0.136439662461713,0,0.375,0.171554581040293,0.083512273159463
0.245881839804474,0.147333333333333,0.232475337628861,0.360511615687082,0.150491578038608,0.0224108713095093,0.136439662461713,0,0.325,0.103614597051062,0.210087365362425
0.112136920385811,0.364,0.240016884278245,0.339185454407089,0.219673283828633,0.0000475507629804782,0.136439662461713,0,0.275,0.00718973039566427,0.0201354930618268
0.24562944523782,0.499333333333333,0.435128154207436,0.397592680879454,0.500232726923306,0.00341742085217438,0.950841751965609,1,0.3,0.0234977483461599,0.0640594743509464
0.981460499699437,0.771333333333333,0.741835753825109,0.839066699818118,0.954482226240107,0.999814404515786,0.923007856715809,1,0.825,0.999999750786008,0.991442210236043
0.926321668760202,0.77,0.851354224008687,0.747085322488539,0.939700384233326,0.999814398875547,0.950841751965609,1,0.675,0.999663786327887,0.956158710114377
0.131947746786255,0.180666666666667,0.125728751402893,0.313598526675092,0.109166875763905,0.0000458472927577889,0.182407412162326,0,0.35,0.0819606439836285,0.0651315929587926
0.0256923706644091,0.118,0.0626577631462624,0.205317182188722,0.0672054382930083,0.0000458384524678056,0.136439662461713,0,0.15,0.00000495381750015149,0.00934494375519635
0.977825878648304,0.820666666666667,0.880597789238965,0.640710986018697,0.90037332341971,0.99981440447068,0.182407412162326,0,0.65,0.999995947104823,0.978245858748088
0.997873550140016,0.954666666666667,0.959283693161957,0.837491040350257,0.984576765205915,0.999814404567494,0.923007856715809,1,0.95,0.999999999955324,0.999793919423141
0.291333202821278,0.282666666666667,0.141973413832902,0.419094909772842,0.261902207616298,0.000432260469756703,0.136439662461713,0,0.325,0.831199178598935,0.251010470110756
0.908739195288659,0.578,0.718411139467724,0.647524333355361,0.796341805543677,0.999814279606811,0.923007856715809,1,0.575,0.996522947111877,0.861661820149633
0.0939658303433968,0.0313333333333333,0.0449149938423026,0.138477998550817,0.0515815150675814,0.0000459357435627507,0.136439662461713,0,0.175,0.00259420017636842,0.0292559189606687
0.190327882417852,0.326,0.264404960048939,0.438766302540017,0.438241646527519,0.000156010187282348,0.791721133624806,1,0.425,0.151611464380185,0.093591680910735
0.969128539858854,0.924,0.93871019530633,0.759595857464832,0.922531755135429,0.99981440453563,0.923007856715809,1,0.75,0.999289489144641,0.989852641637014
0.466858514015022,0.475333333333333,0.439184617571887,0.52132608604969,0.853259171288066,0.000130388341649219,0.153086423873901,0,0.425,0.0932567542567936,0.603680471378214
0.303912269641073,0.404666666666667,0.587783467551853,0.360774391802183,0.244493028092293,0.000122206432979974,0.182407412162326,0,0.25,0.047404406888075,0.325466190700251
0.886768075819251,0.339333333333333,0.265581351505367,0.538986285586797,0.851516447275056,0.999814382392024,0.136439662461713,0,0.375,0.999724909164272,0.815483372851592
0.504877651700993,0.276666666666667,0.242997588977415,0.354957642069581,0.396242802362076,0.999481582989675,0.136439662461713,0,0.225,0.0428114153742687,0.420055959945236
0.944847808894352,0.904666666666667,0.927145422683229,0.851353949080681,0.957153276742634,0.999814381695364,0.923007856715809,1,0.775,0.99967126839775,0.989049341018245
0.983096355244087,0.776,0.849816045393936,0.681264815591007,0.937379589485692,0.999814404202815,0.923007856715809,1,0.575,0.999994114659637,0.989689950459879
0.250644221118548,0.514,0.440423797628068,0.416414740204986,0.176619297684556,0.00282148921083937,0.136439662461713,0,0.325,0.0130038867917505,0.114911724882323
0.918648305509667,0.762666666666667,0.719175982186425,0.768835512405266,0.845007008657026,0.999814338590578,0.923007856715809,1,0.8,0.999909288386156,0.960864061644629
0.253668056209025,0.242666666666667,0.248444863665542,0.24721642459186,0.0797208908413534,0.0000599900318726468,0.136439662461713,0,0.25,0.0434443281864531,0.129140268878482
0.711805666617865,0.662,0.537986595386632,0.665833751458952,0.456995053940684,0.999679957440261,0.0918518543243408,0,0.75,0.998764942885047,0.806850166495972
0.167070083807985,0.394666666666667,0.331782964533006,0.387847097792039,0.731595772022561,0.0000461278198416194,0.153086423873901,0,0.275,0.024216061157603,0.0867544168918152
0.718834768800162,0.624,0.662178434686797,0.597008126239027,0.89507174775397,0.999810961510151,0.791721133624806,1,0.625,0.456094337286665,0.887775671396765
0.607849119650738,0.242,0.260320917913294,0.366882944934233,0.530902169698382,0.999770344640195,0.136439662461713,0,0.25,0.436934438669357,0.337812981000923
0.0405353896937412,0.0933333333333333,0.0910131457092036,0.1654460047182,0.0224799494801718,0.0000458402617354606,0.136439662461713,0,0.175,0.00351975388857047,0.0111451881889931
0.223392288606802,0.509333333333333,0.721774884198175,0.357469411115498,0.164634534475748,0.0000462907906168573,0.182407412162326,0,0.375,0.192210913299261,0.167649981415919
0.0470912357975129,0.0606666666666667,0.0440386884302079,0.144268630047894,0.0356978232039649,0.00004583774038924,0.136439662461713,0,0.1,0.00625160138653503,0.0129035899317896
0.191577746514996,0.364,0.31293796284023,0.330058956788216,0.318586877663566,0.0000460345826581031,0.136439662461713,0,0.225,0.020908842579635,0.042009068031213
0.949748101174128,0.552,0.542116310528701,0.639770152087561,0.888666589689407,0.999814403869015,0.136439662461713,0,0.7,0.999967699464116,0.93756612177455
0.612822073612511,0.562666666666667,0.566196424653189,0.566641554040439,0.640797429611908,0.00331177216994718,0.923007856715809,1,0.5,0.534637700947481,0.512749797194751
0.933900925946553,0.773333333333333,0.849608119801245,0.741027742022227,0.968524330982264,0.999814392525268,0.923007856715809,1,0.6,0.996169521514045,0.954706684195245
