0.536787558798324 0.92 0.824934856509688 0.511717657784903 0.929208862859806 0.999999999988177 0.914285711244661 0.72207396677196 0.5
0.744866462335401 0.942 0.949539615914801 0.528006867311797 0.996999166653368 0.999999305976653 0.981818181127002 1 0.75
0.0221668077741712 0.03 0.0633001805350411 0.0945587869544013 0.00934880038521679 0.0000000000000000000000000182865562338888 0.0635658917100726 0 0
0.0110076700442533 0.016 0.0391154902781882 0.330479895115851 0.00894094301483439 0.000000000000000000000000018279371971258 0.0635658917100726 0 0.125
0.184701367548422 0.274 0.193594850165918 0.535016173106183 0.377326850767434 0.000000000000000000000000574362068632623 0.0635658917100726 0 0.625
0.518822808696703 0.306 0.216971689582423 0.453348492295128 0.73301452923309 0.0000000000000000000000000793337294365249 0.976923076032534 0.728086537099697 0.75
0.280967497594586 0.618 0.782587604075755 0.530785055215491 0.288753061137689 0.999999999984865 0.894117646883516 0.722285717211665 0.5
0.749293230680929 0.522 0.451458192722772 0.304811308449036 0.341894963560327 0.000000000000000000000000101357065344107 0.141666669543419 0 0.125
0.0874181494580404 0.152 0.0642900471198993 0.413439730971233 0.0395443049425798 0.0000000000000000000000000182809305015141 0.0635658917100726 0 0.5
0.521222857135993 0.162 0.203855793594134 0.118464313279787 0.0656722806659991 0.999999999989742 0.0635658917100726 0 0.125
0.197300180465385 0.174 0.113745563992613 0.250107674072968 0.24394248624279 0.000000000000000000000000018279371971258 0.100000000745058 0 0
0.693749826251598 0.99 0.866386440439029 0.520695380241917 0.964872492573164 0.999999999981906 0.894117646883516 0.722285717211665 0.625
0.296775901645223 0.44 0.547300697551204 0.100983590103082 0.678814697137234 0.999999999988747 0.279999999523163 0 0
0.142064192779641 0.034 0.0694642726046926 0.217005899448779 0.186589608395771 0.0000000000000000000000000220665992213462 0.0635658917100726 0 0
0.997304374257281 0.878 0.916991282075217 0.560506105387337 0.357119748434446 0.0000000000000000000000000182793975453191 0.894117646883516 0.741001570356811 0.625
0.0179952830294966 0 0.0464646328328311 0.0796235775171339 0.0265014716360035 0.000000000000000000000000018279371971258 0.0635658917100726 0 0
0.000198220288389216 0.024 0.0467844703580056 0.279930120969605 0.301655386426525 0.0000000000000000000000000182793719712587 0.0635658917100726 0 0.25
0.0715128078304101 0.028 0.0445142735690615 0.322713892675674 0.0686412063875801 0.00000000385013998850009 0.0635658917100726 0 0.5
0.827734951232337 0.912 0.873109043515414 0.424912366081162 0.967720409884411 0.999999999988638 0.953846152117972 0.729298179125786 0.5
0.000163420451292271 0.072 0.0392962070165763 0.36778977335075 0.352754504141752 0.000000000000000000000000018279371971258 0.0635658917100726 0 0.5
0.999988496441001 0.79 0.886211035465282 0.25857777953796 0.533869199004476 0.999999999989743 0.981818181127002 1 0.125
0.804209749822094 0.768 0.84496975110974 0.286136336310096 0.440931240456318 0.999999999989308 0.141666669543419 0.728895504031914 0.125
0.0743327665923917 0.01 0.0438248133729466 0.623479496449297 0.01373345224352 0.0000000000000000000000000182793982454874 0.0635658917100726 0 0.75
0.92477675506381 0.972 0.927365180217001 0.436092881052928 0.966359580809203 0.999999999988667 0.981818181127002 1 0.375
0.128018866187104 0.05 0.0508140483294515 0.390936852416047 0.00772392115013643 0.0000000000000000000000000234624880071381 0.0635658917100726 0 0.25
0.0282756751895425 0.008 0.038485960713055 0.114448652971528 0.0170710432849452 0.0000000000000000000000000182797063537595 0.0635658917100726 0 0
0.969372550344267 0.89 0.924741847645029 0.556321493637064 0.659747654027847 0.999999999989743 0.894117646883516 0.795798323909893 0.75
0.996294618525709 0.978 0.955631562997275 0.568286898305787 0.81143560646775 0.999999999989607 0.976923076032534 0.886289193295654 0.75
0.00766141913469566 0.042 0.0389875792829215 0.414427166998169 0.0827434170187981 0.000000000000000000000000018279371971258 0.0635658917100726 0 0.375
0.443634632765479 0.492 0.401701361256512 0.495385618634883 0.132142159279919 0.000000000000000000000000018279371971258 0.894117646883516 0.722285717211665 0.75
0.165217816493224 0.026 0.0683757202521321 0.484776383551604 0.0512492158921291 0.0000000221483116139757 0.0635658917100726 0 0.5
0.818964098242483 0.424 0.535992605942197 0.261579826232283 0.357055281903063 0.999999999989743 0.924999997299164 0.728895504031914 0
0.5575503581423 0.908 0.935978498826938 0.592194996793383 0.813364923077453 0.999999379726638 0.953846152117972 0.838609700517676 0.75
0.000000302485967594292 0.138 0.087596458043039 0.143060393481766 0.357055463469354 0.000000000000000000000000018279371971258 0.0635658917100726 0 0.125
0.018351509254818 0.042 0.0455798828207338 0.381274594008698 0.00340682644534551 0.0000000000000000000000000182793719889779 0.0635658917100726 0 0.5
0.0344479892856759 0.002 0.0509265282874343 0.0980114616549185 0.0276106078023993 0.000000000000000000000358490886043133 0.0635658917100726 0 0
0.99683350622945 0.984 0.961576910912984 0.500000000081158 0.62794308750997 0.999999999989743 0.981818181127002 1 0.625
0.278285363014771 0.264 0.17834849792475 0.580462707407206 0.3570554625017 0.000000000000000000000000018279371971258 0.0635658917100726 0 0.625
0.0703359577576977 0.006 0.06369124588343 0.0779333550325546 0.00950967261838676 0.0000000000000000000000000259517391556624 0.0635658917100726 0 0
0.733946461599355 0.278 0.18917257496591 0.348324348420727 0.531187553666315 0.999999999989742 0.141666669543419 0 0.375
0.743714664084923 0.852 0.922830830838075 0.632921485956523 0.967346319805285 0.0000000000000000000000000182793719936103 0.953846152117972 0.801308261479758 0.625
0.239288322472675 0.15 0.117700851341552 0.334969774748181 0.139505712242566 0.00000000000000000000494368405496591 0.0635658917100726 0 0.5
0.999986231792366 0.982 0.962118958425709 0.498509996177174 0.569712970443974 0.999999999989743 0.981818181127002 1 0.375
0.272788889723723 0.232 0.134675656096357 0.500000351130808 0.242145422563049 0.0000000000000000000000000182794376560064 0.141666669543419 0 0.75
0.928797708531437 0.976 0.930681475764379 0.432421049647194 0.969649739493714 0.999999999988912 0.981818181127002 1 0.375
0.000473506411248164 0.014 0.0356404684124992 0.578347917641169 0.0287314774841962 0.000000000000000000000000018279371971258 0.0635658917100726 0 0.625
0.933384357976369 0.894 0.933989920313715 0.461181784204689 0.998123341125035 0.999999999989742 0.981818181127002 1 0.5
0.000154744486118133 0.008 0.0372602270894931 0.245511245844924 0.0593301590605723 0.000000000000000000000000018279371971258 0.0635658917100726 0 0.125
0.970035159005227 0.562 0.364918727289776 0.305810435735603 0.366034837243752 0.000000000000000000000000018365207906333 0.0635658917100726 0 0.125
0.883101005433132 0.936 0.91291841006594 0.50000000000163 0.358637669664743 0.999999999989743 0.894117646883516 0.843461454975299 0.875
0.0811430133725162 0.018 0.0483039314208144 0.500433692751624 0.029591941770969 0.000000000000000000000000018279381767356 0.0635658917100726 0 0.875
0.000000077571898882612 0.036 0.035948731464378 0.399672711029248 0.319972255773974 0.000000000000000000000000018279371971258 0.0635658917100726 0 0.375
0.0231711519017967 0.018 0.0397060058647801 0.14296406291217 0.0696488052473192 0.000000000000000000000000018279371971258 0.0635658917100726 0 0.25
0.0942738270146436 0.044 0.0448831910122406 0.664728629539099 0.0325339804859809 0.0000000000000000000000000182793972160402 0.0635658917100726 0 0.875
0.361941800951022 0.236 0.373626473248682 0.54889315746798 0.0506465024919708 0.999999999989691 0.894117646883516 0.722285717211665 0.625
0.303162583449501 0.23 0.138477780182778 0.3820126114798 0.0317214158454658 0.000000000000000000000000405276746615411 0.0635658917100726 0 0.5
0.239748559968967 0.142 0.187306077869174 0.227618358975571 0.260013328902943 0.000000000000000000000000026099014904832 0.0635658917100726 0 0.125
0.618798122539462 0.704 0.626490304005292 0.499999958337823 0.969616572802803 0.999999995470708 0.100000000745058 0 0.75
0.180068521499311 0.324 0.304889408295074 0.354999842032921 0.184147606234591 0.000000000000000000000000018279371971258 0.0635658917100726 0 0.25
0.325476111712586 0.332 0.260311594392959 0.351947410647397 0.243622620174799 0.000000000000000000000000055824444099766 0.0635658917100726 0 0.625
0.14666141233762 0.106 0.144199931213067 0.104593649895094 0.0519737630706318 0.99999999950799 0.0635658917100726 0 0
0.158158658429674 0.022 0.0701026265591594 0.110413062282665 0.0505820454714677 0.0241174922257849 0.0635658917100726 0 0
0.0258094146097004 0 0.0464646328328311 0.0712379598946432 0.0178100072925447 0.000000000000000000000000018279371971258 0.0635658917100726 0 0
0.040603562759982 0 0.0461077091364633 0.0680057603265649 0.00443603992750863 0.000000000000000000000000018279371971258 0.0635658917100726 0 0
0.0000464167360450676 0.026 0.0346621279247402 0.429272943046408 0.00224545207047933 0.000000000000000000000000018279371971258 0.0635658917100726 0 0.375
0.411746320035043 0.774 0.930670173462281 0.65476101380365 0.825569058473764 0.000000000639277445208561 0.924999997299164 0.728895504031914 0.625
0.424160604467238 0.438 0.579268376364569 0.184235442792932 0.101286855648589 0.0000000000000000000000000220582007417061 0.0635658917100726 0 0.25
0.240430865066065 0.144 0.156300064982883 0.370336234090388 0.170069198574474 0.000000000000000000000000018279371971258 0.0635658917100726 0 0.125
0.928716669615246 0.776 0.866203408202912 0.439463010134999 0.962754611588514 0.999999999987348 0.981818181127002 0.261217950614271 0.5
0.982675078834658 0.91 0.903536129908195 0.509097904662733 0.310777409413787 0.999999999989743 0.894117646883516 0.795798323909893 0.5
0.0179952830294966 0 0.0464646328328311 0.0796235775171339 0.0265014716360035 0.000000000000000000000000018279371971258 0.0635658917100726 0 0
0.999702784289126 0.94 0.954146651010572 0.5 0.516345683121981 0.999999999989743 0.976923076032534 0.886289193295654 1
0.752788103446744 0.92 0.916549042459902 0.575516571290478 0.963563964102908 0.999999999988874 0.981818181127002 1 0.625
0.216138303914378 0.36 0.425565737721772 0.115741741251647 0.313656646336549 0.000000000000000000000000137430643891334 0.0635658917100726 0 0
0.0000717139368569817 0.054 0.0460870874208667 0.390998173389375 0.357935538538465 0.000000000000000000000000018279371971258 0.0635658917100726 0 0.5
0.465787834513515 0.81 0.861895386561616 0.449797741670313 0.463678047387672 0.99999999998809 0.894117646883516 0.795798323909893 0.125
0.194262493678516 0.136 0.120888938370998 0.110266081886183 0.23588131162925 0.000000000000000000000000018279371971258 0.0635658917100726 0 0
0.986243774978987 0.874 0.938838118399041 0.489488895250765 0.991538364491742 0.999999999989743 0.981818181127002 1 0.375
0.886083076873918 0.954 0.954013055625148 0.544894172230528 0.420987189561159 0.999999999988637 0.981818181127002 1 0.625
0.999999183924705 0.774 0.884214112671886 0.500347581198769 0.359341877132358 0.999999999989743 0.981818181127002 0.678720447512903 0.875
0.743409740631277 0.93 0.946842972061101 0.544396950205694 0.992575170506778 0.999999999989743 0.953846152117972 0.801308261479758 0.625
0.995426318623638 0.996 0.959946344119586 0.656431506061243 0.964394172684151 0.999999999989743 0.894117646883516 0.843461454975299 0.875
0.606924060680904 0.636 0.481996922432537 0.62004091937751 0.878891086627102 0.999999999989743 0.894117646883516 0.722285717211665 0.75
0.257632862645006 0.374 0.194083394935483 0.391039764140187 0.395427106667511 0.999999998901208 0.141666669543419 0 0.625
0.113103160083399 0.038 0.0602787629127485 0.394318019158406 0.036916745173302 0.0000000000000000000000000342749014148033 0.0635658917100726 0 0.5
0.135406191228503 0.038 0.0828192992782691 0.0917641372192283 0.0209440199457476 0.0398434547985977 0.0635658917100726 0 0
0.204155524063112 0.718 0.852824889159645 0.417360345160387 0.535027966413875 0.999999999989742 0.924999997299164 0.728895504031914 0.375
0.144550164726336 0.004 0.0501643586307646 0.0922523443065418 0.0511396726435592 0.0000000000924997275321246 0.0635658917100726 0 0
0.000000189519060193024 0.002 0.0388831993871319 0.126331097109501 0.0478231758521959 0.000000000000000000000000018279371971258 0.0635658917100726 0 0
0.149862834281221 0.296 0.20194396673206 0.531895774412617 0.205194219072049 0.00000000000000834324533679304 0.141666669543419 0 0.625
0.25298561373839 0.134 0.100262052105176 0.0968908604868967 0.0275779762419004 0.00000000000000000000139856240541669 0.0635658917100726 0 0.125
0.406806930291138 0.6 0.489335908476294 0.399675670970239 0.474069121845558 0.0000884710311516062 0.141666669543419 0 0.375
0.955932469904461 0.934 0.911388803989492 0.415802255184785 0.938384484659186 0.999999999989676 0.953846152117972 0.801308261479758 0.75
0.938823140305759 0.868 0.917278655272598 0.500000000091038 0.920644664782739 0.999999999989743 0.894117646883516 0.838609700517676 0.875
0.439168949409763 0.908 0.805962611743145 0.608343998614399 0.89623036505735 0.999999999961005 0.914285711244661 0.72207396677196 0.666666666666667
0.996280947625853 0.704 0.580931893815081 0.2958490622074 0.444236834026085 0.00000234022947955633 0.976923076032534 0.728086537099697 0.125
0.0109578614408388 0.044 0.0388579606559461 0.36723142853943 0.0707482643028627 0.000000000000000000000000018279371971258 0.0635658917100726 0 0.5
0.0889586583396682 0.1 0.0634251021727761 0.555811274794213 0.04163198014978 0.0000000000000000000000000182793722592036 0.141666669543419 0 0.625
0.991587384424464 0.924 0.955085176169412 0.614852512370953 0.987476845117575 0.999999999989742 0.981818181127002 1 0.625
0.99126892129853 0.952 0.957966691303825 0.611812515872832 0.816045346218946 0.999999999989743 0.981818181127002 1 0.625
0.208596315598611 0.52 0.369776785773002 0.516587123112831 0.130415705467704 0.000000000000000000000000018279371971258 0.894117646883516 0.722285717211665 0.75
0.179454001334078 0.054 0.0706915422950211 0.0828155560787309 0.0469154468126339 0.000000000000000000000000018279371971258 0.0635658917100726 0 0
0.999415626698123 0.966 0.94218357112609 0.500088959725403 0.535776504976001 0.999999999989743 0.981818181127002 0.840509818936591 0.875
0.0478690295013837 0 0.0504418798797294 0.105046901562472 0.0506219385605949 0.000000000000000000000000018279371971258 0.0635658917100726 0 0.125
0.0000129314556613771 0.012 0.0500376299148367 0.171030647132623 0.0767243603368879 0.000000000000000000000000018279371971258 0.0635658917100726 0 0
0.215869903001995 0.534 0.728958355946722 0.445918360128816 0.441317760660638 0.999999999985379 0.924999997299164 0.728895504031914 0.5
0.59763989706995 0.48 0.640233245935153 0.405658318044131 0.390531638287448 0.00000215124304912074 0.981818181127002 1 0.375
0.0000000161682610131867 0.122 0.0634742830859119 0.433630659553355 0.356886706475908 0.000000000000000000000000018279371971258 0.894117646883516 0.722285717211665 0.5
0.142758136906449 0.002 0.0503836537476259 0.0807799426257354 0.0504556869515117 0.0000000000000532145791522294 0.0635658917100726 0 0.125
0.0607617173912295 0.298 0.147611256551067 0.502856427546741 0.0210664097499605 0.0000000000000000000000000182793721269318 0.141666669543419 0 0.75
0.999999999995402 0.978 0.959950851717749 0.508311166375098 0.361731662212325 0.999999999989743 0.981818181127002 1 0.75
0.333164041668955 0.296 0.285792523696324 0.130973562538223 0.482955031065007 0.000000000000000000000000018279371971258 0.141666669543419 0 0.25
0.221741419501261 0.07 0.0831875925880968 0.0978900955075512 0.0220917956585733 0.000000000000000000000000018279371971258 0.0635658917100726 0 0
0.935380937359964 0.966 0.949324889328874 0.656561446236829 0.969346077338969 0.999999999989732 0.894117646883516 0.722285717211665 0.75
0.399027040083855 0.612 0.694551984363601 0.41302288796132 0.182043615870686 0.999999999968849 0.894117646883516 0.722285717211665 0.5
0.996624535836459 0.958 0.951295179341239 0.499999925400392 0.992695196448391 0.999999999989743 0.976923076032534 0.86658126241093 0.625
0.217872986148665 0.028 0.0524527620935249 0.0964107124125659 0.671598310405168 0.0000000000000000000000000182807974869728 0.0635658917100726 0 0
0.399854416172442 0.378 0.446466003606344 0.517604357246305 0.0873563635907815 0.999999999989743 0.894117646883516 0.722285717211665 0.625
0.637230201042195 0.816 0.843410395303955 0.504280209060461 0.960035295516247 0.999999999989694 0.141666669543419 0 0.625
0.015562208826567 0.17 0.0692018481797952 0.355366374662873 0.251913984209703 0.0000000000000000000000000182793719763411 0.799999994039536 0.705929810407422 0.25
0.679975451165556 0.31 0.185933162728672 0.179272789579933 0.970885509572943 0.000000000000000000000000018279371971258 0.141666669543419 0 0.25
0.996583398648376 0.83 0.936434007693737 0.522759585945912 0.972558818907208 0.999999999989743 0.981818181127002 1 0.375
0.184531393774477 0.058 0.0874627484269309 0.267970686378252 0.0384263813064267 0.000000000000000000000000452909374155394 0.0635658917100726 0 0.125
0.893824809864313 0.62 0.723080918784479 0.5 0.371598156714223 0.999999999989743 0.894117646883516 0.722285717211665 0.75
0.205324938227847 0.11 0.0991115157329139 0.317132817452561 0.0428554982650623 0.000000000000000000000000018279371971258 0.0635658917100726 0 0.5
0.516594602944823 0.14 0.0940292150429329 0.119805453935867 0.851334461409085 0.0000000000000000000000000223226859731605 0.0635658917100726 0 0.125
0.750698090244985 0.214 0.130840898225456 0.109735686990346 0.916075940550802 0.999999999989742 0.0635658917100726 0 0
0.257181386670899 0.26 0.233265089806883 0.246572351204294 0.07964379322647 0.999996815674556 0.0635658917100726 0 0.125
0.180393537910177 0.418 0.264696054556678 0.54398811027183 0.357055463470946 0.999999999989743 0.894117646883516 0.722285717211665 0.5
0.0388554995368803 0.01 0.0466257378718413 0.406125174260518 0.157623905336748 0.0000000000000000000000000980432220503753 0.0635658917100726 0 0.5
0.974782031955795 0.882 0.935180638786431 0.545661808857958 0.647719953501183 0.999999999989743 0.953846152117972 0.801308261479758 0.5
0.242993290154876 0.338 0.215427433780317 0.49116273794617 0.345157511736996 0.999999999315256 0.0571428577510678 0 0.625
0.145749029056937 0.394 0.368540048587597 0.458230244505126 0.750643838889462 0.0000000000000000000000000221031081678486 0.799999994039536 0 0.375
0.208630041239959 0.28 0.10543701641685 0.465701744477107 0.397170121840396 0.999999999989743 0.0635658917100726 0 0.375
0.122389492952961 0.374 0.40541374579524 0.682786714502867 0.0840070856078192 0.999999999979945 0.0635658917100726 0 0.625
0.300859171391078 0.124 0.0904647103179328 0.082826125506991 0.661834893420001 0.000000000000000000000000067479955118803 0.0635658917100726 0 0.125
0.195535396097721 0.048 0.109931036824514 0.096068643969289 0.0354495822217562 0.0000000000000000000000000194874092759351 0.0635658917100726 0 0
0.576601266068472 0.846 0.648620249676786 0.356909584594803 0.963769923181849 0.999999999986408 0.141666669543419 0 0.5
0.376415698756235 0.05 0.138241489385444 0.0914443405784497 0.347458184061358 0.999999999989563 0.0635658917100726 0 0
0.000971041703210597 0.01 0.0357068049815161 0.384517417011281 0.0985418033724936 0.000000000000000000000000018279371971258 0.0635658917100726 0 0.375
0.99761194746416 0.99 0.960987435930191 0.500000000127736 0.923080257475221 0.999999999989743 0.981818181127002 1 0.75
0.329971219128695 0.162 0.161128574013229 0.226090583218585 0.357053062508383 0.000000000000000000000000018279371973308 0.0635658917100726 0 0.25
0.168920272080893 0.124 0.0605079858160963 0.5 0.308687066657742 0.0000000000000000000000000182983006356589 0.141666669543419 0 0.625
0.988700016777519 0.956 0.956266584876661 0.599100754352218 0.847192152576841 0.999999999989743 0.981818181127002 1 0.625
0.30821304681557 0.348 0.153501829320546 0.460225741756932 0.193717461858213 0.0000000185135719023796 0.0635658917100726 0 0.25
0.873872515171589 0.982 0.958338516013928 0.604904506186888 0.963715928787037 0.999999999985414 0.981818181127002 1 0.75
0.215199704145246 0.156 0.0929112587534749 0.270441873012338 0.302098374938056 0.999999999491933 0.0635658917100726 0 0
0.903627718598 0.932 0.949704006781266 0.504754177426392 0.982087370200048 0.999999999989734 0.976923076032534 0.842650551889222 0.5
0.136028142682886 0.13 0.164420599693111 0.135858108167886 0.357055462606869 0.0000000000000000000000000314201402012799 0.0635658917100726 0 0.25
0.719553884997867 0.878 0.889404496317648 0.602086438797088 0.980078319611325 0.999999999626916 0.976923076032534 0.842650551889222 0.625
0.0458261517017024 0.024 0.0428253841606598 0.0979057554836195 0.128710559298748 0.000000000000000000000000018279371971258 0.0635658917100726 0 0
0.976162530904407 0.964 0.949440707280613 0.531020401129454 0.997363623637457 0.999999999989742 0.976923076032534 0.842650551889222 0.75
0.0662361604874471 0.08 0.0497837902717025 0.645455905144787 0.0110115008083639 0.0000000000000000000000000188469885622308 0.0635658917100726 0 0.75
0.204378936040577 0.012 0.068406069142436 0.0862202952212512 0.0683326603225689 0.000000000143926570716768 0.0635658917100726 0 0
0.159075098185328 0.48 0.546016477316784 0.428075762915583 0.0450791794805261 0.00000000000000000000000001832146247897 0.894117646883516 0.722285717211665 0.375
0.99208780490974 0.948 0.959164515713096 0.417312402860731 0.960210652879596 0.999999999989742 0.981818181127002 1 0.375
0.0478690295013837 0 0.0504418798797294 0.105046901562472 0.0506219385605949 0.000000000000000000000000018279371971258 0.0635658917100726 0 0.125
0.780347926917509 0.812 0.870954061326488 0.480689648954267 0.968779741489597 0.99999999998973 0.914285711244661 0.72207396677196 0.375
0.0483269761707387 0.092 0.0545162812876159 0.46150193660363 0.0456664544789944 0.0000000000000000000000000182793719712582 0.141666669543419 0 0.5
0.922368187498599 0.896 0.956119010910456 0.488937728839756 0.982909399772111 0.999999999989743 0.981818181127002 1 0.25
0.12002184331796 0.132 0.228690029792077 0.294026393894657 0.110835870585267 0.00000000000000000000000092742714045238 0.0635658917100726 0 0.125
0.966009380127034 0.972 0.962954590688986 0.472156647488085 0.630438118839269 0.999999999985436 0.981818181127002 1 0.875
0.099952400480704 0.252 0.149542001256995 0.0908602194144776 0.339221882686162 0.000000000000000000000000018279371971258 0.141666669543419 0 0.125
0.0555761652504178 0 0.0504830861691537 0.0985061280999106 0.00426839500435217 0.000000000000000000000000018279371971258 0.0635658917100726 0 0
0.882148446489927 0.468 0.519281507117741 0.115660400976952 0.44221530979832 0.999999999989337 0.799999994039536 0.705929810407422 0.125
0.998940622048616 0.942 0.95803309883656 0.406589901033177 0.996844251285896 0.999999999989743 0.981818181127002 1 0.375
0.778041720358881 0.514 0.327826134893526 0.315427242454757 0.923683666976046 0.999999999988924 0.0635658917100726 0 0.375
0.145710230096696 0.046 0.0875370876638627 0.262859537262914 0.0278449464508792 0.000000000000000000000000018279371971258 0.0635658917100726 0 0.125
0.0993537341493858 0.106 0.15916365133543 0.432367849909056 0.283894714520287 0.000000000000000000000000018279371971258 0.0635658917100726 0 0.375
0.0162939298086044 0.122 0.0872204066404759 0.404758863416812 0.0435833358896979 0.999999999989743 0.0635658917100726 0 0.5
0.81745724652258 0.834 0.833827585270276 0.399699520100119 0.957651930537006 0.999999999982232 0.100000000745058 0.795798323909893 0.25
0.98709496050123 0.956 0.952640107736579 0.439605590608718 0.978281700709006 0.999999999989743 0.981818181127002 1 0.25
0.995605520364624 0.956 0.917576413880775 0.606860092764972 0.792683387500518 0.999999999989743 0.953846152117972 0.729298179125786 0.625
0.000215460604727824 0.052 0.0414417428616931 0.724365396765814 0.0569931764742249 0.000000000000000000000000018279371971258 0.0635658917100726 0 0.875
0.0354003841049323 0.078 0.0472237765581617 0.434075588534445 0.00459500197179896 0.000000000000000000000000018279371971258 0.0635658917100726 0 0.5
0.671731573151025 0.25 0.368452165114661 0.479116255122248 0.0745545434671913 0.999999999646565 0.141666669543419 0 0.5
0.306932916184342 0.4 0.375176701871919 0.545360991798085 0.211110114288483 0.00000000000000000196421805349186 0.914285711244661 0.795798323909893 0.375
0.683347128234791 0.57 0.515383018694236 0.302221572451041 0.753691070026896 0.0000000000000000000000000204341508369738 0.141666669543419 0 0.125
0.0179952830294966 0 0.0464646328328311 0.0796235775171339 0.0265014716360035 0.000000000000000000000000018279371971258 0.0635658917100726 0 0
0.0478690295013837 0 0.0504418798797294 0.105046901562472 0.0506219385605949 0.000000000000000000000000018279371971258 0.0635658917100726 0 0.125
0.0000000509263190271791 0.002 0.0388831993871319 0.129755369337704 0.0506550513596141 0.000000000000000000000000018279371971258 0.0635658917100726 0 0
0.2634471152127 0.524 0.502936705374786 0.463873312466557 0.940757321010649 0.0000000000000000000000000586612591080791 0.0635658917100726 0 0.375
0.735196305602182 0.944 0.948862491683583 0.611579994105352 0.99351117885087 0.000000000000000000000144674252907414 0.981818181127002 1 0.75
0.0474000612025972 0.332 0.126663187846523 0.587466395844733 0.132869140412958 0.999999870342827 0.141666669543419 0 0.625
0.0170355190445439 0 0.0500099997164866 0.0879692832114478 0.168089956347069 0.0000000000000000000000000184289064873777 0.0635658917100726 0 0
0.99988048926139 0.95 0.936132268665858 0.5 0.357041964943486 0.999999999989743 0.976923076032534 0.870030309703522 0.75
0.575012175430935 0.912 0.811380043734694 0.508020937782958 0.93398555700681 0.99999999998705 0.914285711244661 0.72207396677196 0.5
0.672817644568173 0.7 0.755973752615259 0.422787313504738 0.959410681098976 0.999999999989741 0.894117646883516 0.795798323909893 0.25
0.0934889803434816 0.026 0.0453858713640281 0.118518161703068 0.00790802359005482 0.0000000000000000000000000218353492009202 0.0635658917100726 0 0.125
0.0157783946750296 0.196 0.214050010785325 0.235255700425627 0.267461375440065 0.0000000000000000000000000183032086194105 0.894117646883516 0.722285717211665 0.25
0.188366101033014 0.116 0.0680407689322487 0.499999999957785 0.072482852059185 0.0000000000000000000000000182793719721822 0.0635658917100726 0 0.5
0.159127521316839 0.088 0.104279924103427 0.123226795287315 0.0381529651789567 0.00000000000000000000000328600762783613 0.0635658917100726 0 0.125
0.371610261243568 0.54 0.534062036268045 0.503975588212706 0.257890813569453 0.000000000000000000000000018279371971258 0.0635658917100726 0 0.75
0.999948210179112 0.89 0.91908331875742 0.531426818493668 0.853628749749849 0.999999999989743 0.981818181127002 1 0.75
0.340626440339543 0.472 0.406861987008499 0.500000356856844 0.588113708876257 0.000000000000000000000000018279371971258 0.100000000745058 0 1
0.0000000509263190271791 0.002 0.0388831993871319 0.129755369337704 0.0506550513596141 0.000000000000000000000000018279371971258 0.0635658917100726 0 0
0.765464419387565 0.942 0.949621961948797 0.629403297961096 0.628713674100337 0.999999999989662 0.976923076032534 0.800656277429248 0.75
0.259117312846972 0.166 0.103054639411093 0.162074017572617 0.323048165464845 0.000000000000000000000000018279371971258 0.0635658917100726 0 0.25
0.994989878565686 0.93 0.949366087580525 0.5 0.498067647830931 0.999999999989743 0.981818181127002 1 1
0.97579855052549 0.992 0.957090208826476 0.500000000004483 0.943369993986 0.9999999999875 0.976923076032534 0.886289193295654 0.625
0.0583637797303473 0.004 0.046915542344613 0.0655003915944745 0.0126750847525466 0.000000000000000000000000018279371971258 0.0635658917100726 0 0
0.0259976329974276 0.304 0.131319468696548 0.408302281139871 0.0565061653277781 0.0000000000000000000000000182793719761629 0.0635658917100726 0 0.375
0.0638854054661642 0.048 0.0735950301962472 0.164217884721963 0.00135321544684219 0.000000000000000000000000018279371971258 0.0635658917100726 0 0.25
0.102761847398413 0.054 0.0778484518316303 0.301985763252142 0.0246194384472824 0.000000000520617727175947 0.0635658917100726 0 0
0.00139295403041259 0.018 0.0396584458556792 0.282084637776462 0.00872890596032061 0.000000000000000000000000018279371971258 0.0635658917100726 0 0.25
0.383484191696319 0.87 0.911517993320556 0.61054782100298 0.818941191669896 0.999999999989557 0.894117646883516 0.722285717211665 0.75
0.143950754283627 0.008 0.0501643586307646 0.0810634490036551 0.0509036717077553 0.00000000000563928552526975 0.0635658917100726 0 0
0.961725830606225 0.722 0.896118413463359 0.307981286783097 0.953719059411373 0.999999999989721 0.981818181127002 1 0.125
0.506082699614882 0.934 0.82845003964271 0.530571987980568 0.879217395640343 0.999999999981528 0.914285711244661 0.72207396677196 0.5
0.199701534822527 0.464 0.510114815708648 0.421670135935439 0.208722610318785 0.999671585866212 0.0635658917100726 0 0.375
0.9672079582407 0.814 0.926010233163439 0.620220420824575 0.677950085351396 0.999999999989743 0.981818181127002 1 0.75
0.990330275163915 0.82 0.907806780138841 0.481393473524764 0.839801647491578 0.999999999989743 0.981818181127002 1 0.5
0.224727901998881 0.332 0.346395478341581 0.123136666912379 0.291872562548803 0.00000000000146418831078554 0.0635658917100726 0 0.25
0.918390934772341 0.988 0.928134652860876 0.422151179698995 0.946031004882258 0.999999999989245 0.981818181127002 1 0.25
0.0179952830294966 0 0.0464646328328311 0.0796235775171339 0.0265014716360035 0.000000000000000000000000018279371971258 0.0635658917100726 0 0
0.0627991174721628 0.004 0.0462601293787874 0.0753836977161717 0.357055463469354 0.000000000000000000000000018279371971258 0.0635658917100726 0 0
0.181276475661583 0.112 0.0788142555440621 0.0882819940788324 0.050292429064616 0.000000000000000000000000018279371971258 0.0635658917100726 0 0
0.121385364434598 0.068 0.0689847682696714 0.321878598339907 0.0102360260265534 0.000000000000000000000000138651947491956 0.0635658917100726 0 0.375
0.0873732691260458 0.028 0.0761964333560833 0.0873795336782283 0.00227075260585607 0.0000000000000000000000000190307483034321 0.0635658917100726 0 0
0.595272173472521 0.586 0.846717538754132 0.382892402641485 0.1992247187854 0.999999993520748 0.981818181127002 1 0.25
0.183421675555249 0.016 0.0568702514310241 0.0862377989386214 0.0302794154691173 0.00000000000000000492874650635537 0.0635658917100726 0 0.125
0.133516947937312 0.148 0.0933962180338874 0.592141289910047 0.350762995060819 0.0000000000000000000000000234191332854321 0.0635658917100726 0 0.75
0.472976712179472 0.558 0.418526855449491 0.299366025555707 0.934680065598571 0.99999999998917 0.0635658917100726 0 0.25
0.382392273422479 0.298 0.323256986488472 0.215875989859237 0.849897130251138 0.999999999988132 0.0635658917100726 0 0.375
0.0716811935902747 0.146 0.0976911802791256 0.391925527909716 0.0161906793918094 0.000000000000000000000000018279371971258 0.0635658917100726 0 0.5
0.485999644101245 0.782 0.855391231424351 0.498674054708839 0.429735630326157 0.999999999989422 0.141666669543419 0 0.625
0.0825152471099755 0.012 0.0527548814204501 0.27542809744167 0.0148527183145448 0.00000000000000000000000162831275100037 0.0635658917100726 0 0.125
0.985605172864979 0.94 0.932708611788798 0.505283282792789 0.791912461092492 0.999999999989743 0.924999997299164 0.728895504031914 0.5
0.256282187591831 0.918 0.876271890113727 0.447640235555617 0.962375973587497 0.999999881324582 0.924999997299164 0.728895504031914 0.625
0.997588897947371 0.804 0.913076069271822 0.415810483399527 0.357487289355136 0.0000000000000000000000000182797874089604 0.981818181127002 1 0.5
0.0206505013505974 0.036 0.0382473594649005 0.504756399175463 0.050045437318458 0.0000000000000000000000000182801923618608 0.0635658917100726 0 0.5
0.511823009526492 0.112 0.147029174597352 0.0849622776409077 0.357643173531904 0.0000000000000000000000000182793744923088 0.0635658917100726 0 0.125
0.000235547356362775 0.056 0.0551890150399475 0.401719925662164 0.356341319108034 0.000000000000000000000000018279371971258 0.0800000007152557 0 0.5
0.0126663817372742 0.068 0.0992939889909701 0.339689660044602 0.0848114433799566 0.000000000000000000000000018279371971258 0.0635658917100726 0 0.25
0.999970367771155 0.466 0.368738109216358 0.169249337953108 0.357055479537287 0.999999999989743 0.894117646883516 0.795798323909893 0
0.39667965164922 0.628 0.449876699335903 0.655300153207183 0.761235262903368 0.999999999920177 0.141666669543419 0 0.75
0.258368867730441 0.246 0.209635592043893 0.277539136704383 0.247892302708586 0.999991949655824 0.0635658917100726 0 0
0.0000299731187260841 0.018 0.0590043043359697 0.15954744301155 0.357055463469354 0.000000000000000000000000018279371971258 0.0635658917100726 0 0
0.847228387956161 0.716 0.80959302196307 0.17299344637529 0.908007673430026 0.999999999989726 0.914285711244661 0.72207396677196 0.375
0.00943992759251188 0.074 0.0955443297945721 0.273292439807374 0.237357413176987 0.000000000000000000000000018279371971258 0.0635658917100726 0 0.125
0.0682691963837376 0.068 0.0690285084993376 0.131162923301723 0.0200790397278129 0.000000000000000000000000018279371971258 0.0635658917100726 0 0.25
0.0000231739823762431 0.048 0.0840702013732332 0.307148432967151 0.0792033731110958 0.000000000000000000000000018279371971258 0.0635658917100726 0 0.25
0.151174362783134 0.11 0.117204606051278 0.158681803830471 0.0396616396415518 0.0000000000000000000016105297117276 0.0635658917100726 0 0.125
0.36662996022003 0.812 0.82114687777978 0.586723277401789 0.702619771768713 0.999999999874545 0.894117646883516 0.795798323909893 0.5
0.0627938518353575 0.25 0.101896541408664 0.428919519557917 0.00655200894128927 0.000000000000000000000000018279371971258 0.141666669543419 0 0.5
0.0873786770693455 0.082 0.0507484577260536 0.271742473200261 0.00662738293209142 0.000000000000000000000000018279371971258 0.0635658917100726 0 0.125
0.543866971304963 0.782 0.769045291639896 0.545647414355861 0.983138130386639 0.999999999989605 0.141666669543419 0 0.5
0.999923795514847 0.988 0.956236680154701 0.582711690409726 0.976470146773121 0.999999999989743 0.981818181127002 1 0.75
0.00309614781956761 0.056 0.0613817756243079 0.395749295630238 0.10380765171387 0.000000000000000000000000018279371971258 0.0635658917100726 0 0.375
0.00474633385969167 0.058 0.0381927166534267 0.471961691417725 0.0164680240759656 0.000000000000000000000000018279371971258 0.0635658917100726 0 0.5
0.00351614007547474 0.046 0.0670025578498958 0.312203947265092 0.0144804533945097 0.000000000000000000000000018279371971258 0.0635658917100726 0 0
0.999906800164031 0.996 0.958908427342506 0.565036600569177 0.953388493988533 0.999999999989743 0.981818181127002 1 0.5
0.0000744676361034945 0.322 0.348948239747533 0.388368454606797 0.351390440142922 0.000000000000000000000000018279371971258 0.981818181127002 1 0.25
0.984166562565174 0.944 0.944257830783949 0.556202455904624 0.982992942741891 0.999999999989743 0.981818181127002 0.79078174423859 0.875
0.268117215341609 0.49 0.560977650403994 0.377422447053211 0.399957055455864 0.000000000000000497599062473724 0.279999999523163 0 0.375
0.960523652901608 0.948 0.954516071228515 0.5 0.93231178758645 0.999999999989743 0.894117646883516 0.722285717211665 1
0.972391573982439 0.888 0.699434886204035 0.64018483414813 0.963781536828444 0.999999999989743 0.953846152117972 0.729298179125786 0.75
0.650326759498323 0.78 0.819037454215604 0.628737443301242 0.916523722041864 0.0000000000000000000000000195858007870524 0.953846152117972 0.729298179125786 0.625
0.693387017622068 0.966 0.863760294991257 0.524859770567802 0.964692248853385 0.999999999976588 0.894117646883516 0.722285717211665 0.625
0.999685307325203 0.992 0.960662535052531 0.537948020448611 0.960535852177734 0.999999999989743 0.981818181127002 1 0.25
0.00533593467439939 0.018 0.0398833207529423 0.151712484618823 0.0289956628846404 0.0000000000000000000000000182793907346154 0.0635658917100726 0 0.25
0.00014921019223644 0.008 0.0368389686740641 0.086179909727223 0.258207765364927 0.000000000000000000000000018279371971258 0.0635658917100726 0 0
0.00101813020847017 0.048 0.0619578513530327 0.0752699248863238 0.357056372835109 0.000000000000000000000000018279371971258 0.0635658917100726 0 0.125
0.999675650476255 0.802 0.888261949066744 0.564991984959937 0.841889673578037 0.999999999989743 0.981818181127002 1 0.666666666666667
0.430914420211568 0.856 0.802080279816051 0.504871132884165 0.927529927118735 0.999999999970338 0.141666669543419 0 0.5
0.614797135876058 0.178 0.179643880330175 0.227678262182587 0.19124942545084 0.000000000000000000000000018279371971258 0.0635658917100726 0 0.125
0.0576204533784271 0.088 0.0688427055085966 0.122133337500028 0.0281129398700606 0.0000000000000000000000000202749164050783 0.0635658917100726 0 0.125
0.895089864813802 0.734 0.887041317778599 0.608419409077485 0.455337698692963 0.0000000000000000169537548965447 0.981818181127002 1 0.625
0.361941800951022 0.236 0.373626473248682 0.54889315746798 0.0506465024919708 0.999999999989691 0.894117646883516 0.722285717211665 0.625
0.323996419533936 0.5 0.407325501376782 0.676767692308513 0.127686409067717 0.000000000000000000000000018279371971258 0.894117646883516 0.722285717211665 0.875
0.705876669175725 0.934 0.908901811611083 0.577493753943072 0.955877419671745 0.999999999989743 0.0635658917100726 0 0.875
0.906741261013324 0.862 0.943969174724397 0.507584962187459 0.847165876474558 0.99999999998968 0.981818181127002 1 0.75
0.323247496807891 0.166 0.123555430566701 0.101292658117577 0.160686039597521 0.999656119092487 0.0635658917100726 0 0.125
0.0489598960246 0.068 0.100663126038039 0.114799162985318 0.0111784764885398 0.000000000000000000000000020827246846734 0.0635658917100726 0 0
0.424697353144054 0.734 0.780322446423872 0.540875663186351 0.529483151617493 0.999999999983767 0.0635658917100726 0 0.875
0.92310664102509 0.792 0.815741619697229 0.447199974239748 0.862442743855038 0.99999999998809 0.914285711244661 0.72207396677196 0.5
0.99537196522465 0.932 0.937762203087801 0.572758173362777 0.530477330181795 0.999999999989743 0.976923076032534 0.800656277429248 0.625
0.144889567654159 0.13 0.089843076645905 0.0845726847484013 0.213700283123186 0.0000000000000000000000000282854546396881 0.141666669543419 0 0
0.0527901640377133 0.116 0.172877212023777 0.360377782397327 0.0570081314324473 0.0000000000000000000000000199021184499383 0.0635658917100726 0 0.625
0.0267729105984849 0.084 0.0893933533929411 0.101892261141981 0.154862851423363 0.0000000000000000000000000202818630372724 0.0635658917100726 0 0.125
0.000000168387183499334 0.002 0.0384677089323937 0.104887572533742 0.356706093186126 0.000000000000000000000000018279371971258 0.0635658917100726 0 0
0.810085247410978 0.882 0.926044827935165 0.59671641978277 0.920829482165536 0.999999999989743 0.981818181127002 1 0.625
0.00312855860773931 0.05 0.0518439304489674 0.639216238197435 0.00268827953584005 0.0000000000000000000000000182793719720315 0.0635658917100726 0 0.75
0.999393708161264 0.968 0.940889989864195 0.5 0.853504020550323 0.999999999989743 0.976923076032534 0.842650551889222 0.875
0.155999691259489 0.28 0.152667328768213 0.499474447133346 0.0935601957455113 0.275757045801972 0.0800000007152557 0 0.625
0.00149020336250463 0.04 0.0445525352313578 0.384110974187745 0.00115759069229537 0.0000000000000000000000000182793719714156 0.0635658917100726 0 0.5
0.0924903067719947 0.056 0.069221230392085 0.528639864411283 0.0343873788411744 0.0000000000000000000000000182793822776521 0.0635658917100726 0 0.5
0.232582165559654 0.24 0.124406941218553 0.444694751395547 0.283495169191315 0.0000000000000000000000000202547611254829 0.799999994039536 0.782647584973166 0.5
0.0105739674940431 0.006 0.0517354348159485 0.100129109188944 0.0506536938037291 0.000000000000000000000000018279371971258 0.0635658917100726 0 0
0.138290698831946 0.074 0.10674184588023 0.247956121947849 0.0762966712432508 0.00000000000000000000000016857528884671 0.0635658917100726 0 0
0.889010262549199 0.998 0.962447311875488 0.582554856286556 0.999195027994921 0.99999999998867 0.981818181127002 1 0.777777777777778
0.993965467330679 0.924 0.950864272307437 0.457314407701946 0.996399564275333 0.999999999989743 0.981818181127002 1 0.5
0.143348418536747 0.006 0.0596566953965265 0.111519456635732 0.0419537913460183 0.000000000439817623600498 0.0635658917100726 0 0
0.0872047580974082 0.076 0.0713784020377119 0.296553565070769 0.0757868290173452 0.000000000000000000000000018279371971258 0.0635658917100726 0 0.125
0.14271162511037 0 0.0503836537476259 0.0824302131845067 0.0503990743008129 0.0000000000000534231236995078 0.0635658917100726 0 0.125
0.973704201033975 0.988 0.953901587839357 0.652297045035125 0.973871259994437 0.999999999989226 0.976923076032534 0.878073256397391 0.625
0.0000531030328612884 0.046 0.0544131568442266 0.354920414992521 0.15313905481502 0.0000000000000000000000000182793719716396 0.0635658917100726 0 0.375
0.0310642509494328 0.198 0.0676144166479373 0.424078344413489 0.00298738678933363 0.000000000000000000000000018279371971258 0.141666669543419 0 0.5
0.408364947229277 0.666 0.686883425521657 0.494432176145124 0.313834357309355 0.113237824901929 0.0635658917100726 0 0.625
0.826790334277232 0.808 0.891687482979162 0.642222191250027 0.461954431072266 0.000000000000000000000000161598569512706 0.981818181127002 1 0.625
0.0138367104407889 0.072 0.0806866396947907 0.103188386678227 0.351177928003645 0.0000000000000000000000000182793720650549 0.0635658917100726 0 0.125
0.139673145425807 0.17 0.133387198527684 0.324232773368281 0.106390781579369 0.0000000000000000000000000280989951823999 0.141666669543419 0 0.5
0.993377899831314 0.964 0.954126038534931 0.398258749371779 0.993712367812533 0.999999999989743 0.981818181127002 1 0.375
0.0803076679291118 0.068 0.0566473759625087 0.265844941002 0.357055463469354 0.000000000000000000000000018279371971258 0.0635658917100726 0 0.125
0.304960698387031 0.124 0.0886139559163198 0.501373740331238 0.583131716340017 0.0000000000000000000000000245408937191201 0.0635658917100726 0 0.5
0.0024471222681147 0.134 0.0547182260213903 0.131805772039065 0.00328515064117041 0.0000000000000000000000000182793719713967 0.0635658917100726 0 0.25
0.205865064253486 0.154 0.194711040576522 0.348260378895405 0.0339207611009419 0.999999999987061 0.0635658917100726 0 0
0.927123445461065 0.822 0.804434464762642 0.346451029663364 0.995992927523819 0.999999999989741 0.976923076032534 0.800656277429248 0.375
0.00483260680918847 0.03 0.0419263945113347 0.386734841562298 0.000323232008864527 0.000000000000000000000000018279371971258 0.0635658917100726 0 0.5
0.106294875920328 0.042 0.0445073440994564 0.51031565754827 0.0488073684791966 0.0000000000000000000000000182799118343811 0.0635658917100726 0 1
0.797704845745186 0.858 0.919430905866307 0.458365323980839 0.67706372493308 0.999999999989732 0.981818181127002 1 0.5
0.80478366207136 0.974 0.954958935451513 0.536924441073462 0.99708355204845 0.999999999989743 0.914285711244661 0.801308261479758 0.625
0.99201285197657 0.986 0.958885820748078 0.638765222601256 0.924585481289818 0.999999999989743 0.981818181127002 1 0.75
0.995618516009314 0.956 0.918367683995221 0.606859458136945 0.792608020019501 0.999999999989743 0.953846152117972 0.729298179125786 0.625
0.00881908580949001 0.022 0.0484508437818219 0.55040812065354 0.354282369631348 0.000000000000000000000000018279371971258 0.0635658917100726 0 0.625
0.506468552765212 0.62 0.717794313437629 0.379123477923104 0.515737759122569 0.0000000000000000000000000183655986597152 0.894117646883516 0.795798323909893 0.25
0.00641717330773118 0.038 0.0472627816532685 0.548370250289699 0.00431317085562299 0.000000000000000000000000018279371971258 0.0635658917100726 0 0.625
0.0132405422746034 0.05 0.067193336464497 0.135271297553557 0.0731257495713911 0.000000000000000000000000018279371971258 0.0635658917100726 0 0.375
0.000000559053246211214 0.002 0.0388831993871319 0.124480016465675 0.0515833927464707 0.000000000000000000000000018279371971258 0.0635658917100726 0 0
0.186802281439917 0.018 0.067889556423495 0.102953265889047 0.135875423501228 0.999994120741264 0.0635658917100726 0 0
0.965654343677013 0.968 0.94076895380043 0.488345740941275 0.979365492991246 0.999999999989701 0.981818181127002 1 0.375
0.612749144123178 0.982 0.931655634907676 0.645558497696081 0.986412466218627 0.999999999989485 0.914285711244661 0.782647584973166 0.875
0.967580366304915 0.578 0.673950414969443 0.48320452041119 0.991410909349222 0.999999999989141 0.981818181127002 1 0.75
0.973517102132008 0.856 0.940102873555877 0.530551012460828 0.487389985832442 0.999999999989743 0.894117646883516 0.722285717211665 0.75
0.995950177459178 0.648 0.568274930410598 0.184271032502442 0.362967182113169 0.0000000000000000000000000182793721648282 0.953846152117972 0.729298179125786 0.375
0.999946050246354 0.982 0.961297492719762 0.566913269006621 0.368459334802777 0.999999999989743 0.981818181127002 1 0.375
0.207464652985061 0.132 0.0800328153224018 0.0888519183616315 0.257071099170202 0.000000000000000000000000018279371971258 0.0635658917100726 0 0.125
0.00420488444032538 0.054 0.138215406885769 0.118484411740221 0.35696368143391 0.000000000000000000000000018279371971258 0.0635658917100726 0 0
0.813677147276778 0.972 0.95426862010901 0.690290329644654 0.690563863000332 0.999999999989743 0.894117646883516 0.86658126241093 0.625
0.00241193519328729 0.148 0.100290316543106 0.221337453406198 0.353508241331174 0.000000000000000000000000018279371971258 0.0635658917100726 0 0.125
0.999944610445279 0.992 0.956826592327174 0.587504035305034 0.970714806363515 0.999999999989743 0.981818181127002 1 0.75
0.999642849399145 0.954 0.960347165961102 0.518935614253247 0.357055462347229 0.000000000000000000000000018279371971258 0.981818181127002 1 0.75
0.144764113288803 0.074 0.0879558719923782 0.0825444896883289 0.0510220369161675 0.998348752947045 0.0635658917100726 0 0
0.00000000083952813941766 0.048 0.0438898335608068 0.172886008673995 0.0506281883915655 0.000000000000000000000000018279371971258 0.0635658917100726 0 0.25
0.0708979585457799 0.034 0.0467251655575603 0.0642242165788853 0.598271341986233 0.000000000000000000000000018279371971258 0.0635658917100726 0 0
0.00758090125491824 0.102 0.101982821634741 0.676983163127167 0.00394898492041307 0.000000000000000000000000018279371971258 0.141666669543419 0 0.75
0.0472206180311009 0.544 0.590566372037055 0.480385210509901 0.199555705908152 0.0000000000000000000000000182793721170487 0.894117646883516 0.722285717211665 0.625
0.999981695020073 0.858 0.87176133347529 0.55662713701887 0.35825975151223 0.999999999989743 0.894117646883516 0.722285717211665 0.75
0.0344822034405259 0.106 0.0498559139644905 0.416650409515455 0.0179793573917845 0.0000000000000000000000000182800740933567 0.0635658917100726 0 0.5
0.855916248772108 0.738 0.841307318896354 0.180883980121007 0.893752754748625 0.999999999989719 0.914285711244661 0.72207396677196 0.5
0.0261808425240874 0.008 0.0447505513824089 0.514812201781961 0.00621166190926614 0.0000000000000000000000000182793719713411 0.0635658917100726 0 0.625
0.187376333798407 0.04 0.0823948386420085 0.114407309299334 0.00789486925506833 0.0000000000000000000000000196775440252543 0.0635658917100726 0 0.125
0.134480374368883 0.258 0.140555027964076 0.575806155118098 0.125122662349554 0.0000000000000000000000000188991119837639 0.141666669543419 0 0.625
0.895049003254854 0.936 0.884435035269089 0.45291621957409 0.960581707223602 0.999999999989737 0.976923076032534 0.800656277429248 0.625
0.039042228826794 0.016 0.0731816898743932 0.321000777822837 0.0236545596936312 0.000000000000000000000366284040930911 0.0635658917100726 0 0.375
0.00421461614032248 0.05 0.0472040057171699 0.420841963991309 0.00119542714261622 0.000000000000000000000000018279371971258 0.0635658917100726 0 0.375
0.0426444979597069 0.206 0.102342821810524 0.486687155625216 0.00761743652014579 0.0000000000000000000000000182794367925093 0.976923076032534 0.728086537099697 0.625
0.995562639314394 0.99 0.963159827106785 0.584243238228262 0.953050047169571 0.999999999989743 0.981818181127002 1 0.625
0.959270196087479 0.956 0.953771102847198 0.5 0.881052988245231 0.999999999989743 0.894117646883516 0.857170846394984 0.875
0.0631152626527825 0.04 0.135886485876633 0.339328958117353 0.0139124723958335 0.000000000000000000000000018279371971258 0.0635658917100726 0 0.25
0.0956241314074758 0.056 0.0499683313149447 0.313683745333868 0.228069024200121 0.284206263262519 0.0635658917100726 0 0.25
0.133176712584232 0.264 0.13220966744367 0.632025482298866 0.0833557525686496 0.000116239288729386 0.0635658917100726 0 0.625
0.1169293450526 0.112 0.143118109853584 0.624684492967864 0.218841810088707 0.000000000000000000000000018279371971258 0.0635658917100726 0 0.625
0.000642591151855491 0.054 0.0472803777054369 0.261784069011509 0.254384241110964 0.000000000000000000000000018279371971931 0.0635658917100726 0 0.125
0.197241494528151 0.166 0.139147111074123 0.25608290458452 0.49877058133444 0.000000000000000000000000018279371971258 0.141666669543419 0 0.125
0.756497245988013 0.608 0.483965147134959 0.175844535717211 0.724266281959008 0.999999999985575 0.141666669543419 0 0.5
0.999989026648231 0.18 0.104948857982085 0.16892542020542 0.357055463469366 0.000000000000000000000000018279371971258 0.100000000745058 0 0.125
0.999415626698123 0.966 0.94218357112609 0.500088959725403 0.535776504976001 0.999999999989743 0.981818181127002 0.840509818936591 0.875
0.0757028170769025 0.274 0.284280644184162 0.111904152142379 0.0340391622939903 0.0000000000000000000000000182913412472357 0.953846152117972 0.729298179125786 0.125
0.152926470148446 0.112 0.13335635627897 0.321209668181819 0.0556959146721447 0.0000000000000000000000383366603024984 0.0635658917100726 0 0.5
0.0176874259600681 0.118 0.0867022529492457 0.447885022031584 0.0319419922887136 0.000000000000000000000000018279371971258 0.0635658917100726 0 0.5
0.0667466577858298 0.094 0.0721618477609111 0.387529917404057 0.00761144415054549 0.0000000000000000000000000182793719712582 0.0635658917100726 0 0.25
0.219245333783795 0.344 0.304995759320923 0.430917523268807 0.166827563772798 0.999999473008511 0.0635658917100726 0 0.5
0.954272832623089 0.99 0.9618017768306 0.521924919982981 0.984330572910452 0.999999999989733 0.981818181127002 1 0.875
0.999779256793293 0.97 0.946030518618719 0.500000000000003 0.577248421603224 0.999999999989743 0.981818181127002 1 0.875
0.432881139947508 0.614 0.768620612019376 0.409979575190834 0.795233048212024 0.000000000926440332574652 0.953846152117972 0.801308261479758 0.25
0.748535519901372 0.866 0.868302422758284 0.464548685418686 0.533601039986242 0.999999999967824 0.924999997299164 0.728895504031914 0.625
0.000845157580827744 0.006 0.0401192780709295 0.0859881183182771 0.305997473305933 0.000000000000000000000000018279371971258 0.0635658917100726 0 0
0.00146596807729283 0.032 0.0468357847040219 0.315575719944975 0.276908822818451 0.0000000000000000000000000182793922302672 0.0635658917100726 0 0.375
0.820149501865882 0.856 0.930192721533047 0.678400229445635 0.646916495282524 0.999999999926772 0.981818181127002 1 0.875
0.0691874143008186 0.012 0.0393109679197799 0.289619063329753 0.0136553032057213 0.0000000000000000000000000190716890139146 0.0635658917100726 0 0.25
0.424575034890785 0.06 0.0900876237860418 0.137732738264609 0.200911714727068 0.0000000000000000000000000184701039357867 0.0635658917100726 0 0.125
0.019248880526822 0.048 0.0518157476060461 0.579040627996872 0.242261802735255 0.000000000000000000000000018279371971258 0.0800000007152557 0 0.75
0.0225390105985434 0.178 0.0621217509240992 0.589453763304381 0.00748472868891326 0.0000000000000000000000000182793832461429 0.0635658917100726 0 0.625
0.0541569235741773 0.424 0.344714904064691 0.549312101299074 0.0363176017770355 0.000000000000000000000000018279371971258 0.976923076032534 0.800656277429248 0.5
0.422427946455286 0.316 0.244400658653692 0.5 0.25857066973014 0.000000000000000000000000018279371971258 0.924999997299164 0.209940018767812 0.625
0.144418872907068 0.074 0.120937233943941 0.106484104381687 0.00308154241305769 0.0000000000000000000000000201512605487882 0.0635658917100726 0 0
0.990944777836544 0.966 0.9338776035645 0.405696903819129 0.963769556252818 0.999999999989743 0.976923076032534 0.800656277429248 0.75
0.650204130840366 0.938 0.948827742786211 0.509338183108413 0.9726867126192 0.999999999989742 0.981818181127002 1 1
0.999957395426914 0.922 0.924430077385324 0.5 0.515278350408583 0.999999999989743 0.981818181127002 1 1
0.0819099343121984 0.002 0.0545154754518472 0.112726054839475 0.00417493201558494 0.000000000000000000000000018279371971258 0.0635658917100726 0 0
0.964884030276404 0.776 0.924474550766686 0.285976812212 0.897088371627388 0.999999999989716 0.981818181127002 1 0
0.819618901944537 0.848 0.856076352747684 0.40149184628184 0.963171289099513 0.999999999779772 0.924999997299164 0.728895504031914 0.625
0.996366682167601 0.994 0.957364667768532 0.50000000000029 0.934664638148585 0.999999999989743 0.976923076032534 0.886289193295654 0.75
0.0364436912613865 0.012 0.0406455035021634 0.302522062874707 0.0763725031936173 0.999999999794618 0.0635658917100726 0 0.125
0.142758136906449 0.002 0.0503836537476259 0.0807799426257354 0.0504556869515117 0.0000000000000532145791522294 0.0635658917100726 0 0.125
0.000048968400680364 0.012 0.0603088014819324 0.0860511357558434 0.0661604973682919 0.0000000000000000000000000182803747055134 0.0635658917100726 0 0
0.0105739674940431 0.006 0.0517354348159485 0.100129109188944 0.0506536938037291 0.000000000000000000000000018279371971258 0.0635658917100726 0 0
0.0179952830294966 0 0.0464646328328311 0.0796235775171339 0.0265014716360035 0.000000000000000000000000018279371971258 0.0635658917100726 0 0
0.0671733642451447 0.256 0.155313509293086 0.4921993715117 0.0655466844833573 0.000000000000000000000000018279371971258 0.141666669543419 0 0.625
0.217915999034914 0.236 0.281772570654701 0.0873540726115705 0.257308756559777 0.999999999980294 0.0635658917100726 0 0
0.0731306269230658 0.066 0.0653585608813031 0.104258456029189 0.0812105961479778 0.0000000000000000000000000182794247501345 0.0635658917100726 0 0
0.000110955647989198 0.064 0.0624597210623124 0.69081331680163 0.129654483738443 0.000000000000000000000000018279371971258 0.0635658917100726 0 0.75
0.0355728016998283 0.074 0.0954644672664343 0.0785295087057799 0.46077471128361 0.0000000000000000000000000182794987758733 0.0635658917100726 0 0.125
0.186475276811793 0.26 0.194704955222135 0.365946762954734 0.369349613071002 0.000000000000000000000000018279372031628 0.0635658917100726 0 0.375
0.0189802181523995 0.22 0.103706814631208 0.628111351780831 0.00437157003340782 0.000000000000000000000000018279372313505 0.799999994039536 0.705929810407422 0.625
0.999999759460346 0.81 0.902959073027378 0.568195338689047 0.482306550633503 0.999999999989743 0.981818181127002 1 0.75
0.130102972410514 0.238 0.185758821457072 0.156721619386512 0.334865311794348 0.0000000000000000000000000182793719715115 0.894117646883516 0.722285717211665 0.25
0.785864774563171 0.874 0.902901238181801 0.443880827989988 0.998525754275004 0.99999999998969 0.981818181127002 1 0.5
0.0179952830294966 0 0.0464646328328311 0.0796235775171339 0.0265014716360035 0.000000000000000000000000018279371971258 0.0635658917100726 0 0
0.999415626698123 0.966 0.94218357112609 0.500088959725403 0.535776504976001 0.999999999989743 0.981818181127002 0.840509818936591 0.875
0.0721048409530862 0 0.0500099997164866 0.0918547428178607 0.309611194296423 0.0000000000000000000000000182793721142196 0.0635658917100726 0 0
0.0733387987981712 0.126 0.0439902284542008 0.369159047868394 0.295750712001488 0.0000000000000000000000000249805191704598 0.0635658917100726 0 0.375
0.443634632765479 0.492 0.401701361256512 0.495385618634883 0.132142159279919 0.000000000000000000000000018279371971258 0.894117646883516 0.722285717211665 0.75
0.361941800951022 0.236 0.373626473248682 0.54889315746798 0.0506465024919708 0.999999999989691 0.894117646883516 0.722285717211665 0.625
0.0179952830294966 0 0.0464646328328311 0.0796235775171339 0.0265014716360035 0.000000000000000000000000018279371971258 0.0635658917100726 0 0
0.484358928271425 0.544 0.401779100704336 0.324605525864027 0.927933991230631 0.999999999989367 0.0635658917100726 0 0.375
0.660128351878933 0.328 0.265912684334165 0.188823071063434 0.613297748089563 0.000000000000000000000000384195672070714 0.0635658917100726 0 0.25
0.113895204169921 0.078 0.0541030944103569 0.535337242717094 0.0463249875919027 0.0000000000000000000000000182793730154288 0.0635658917100726 0 0.5
0.0104179406472432 0.04 0.0760692201444942 0.0912763135520221 0.34800570030655 0.000000000000000000000000018279371971258 0.0635658917100726 0 0
0.99238367271157 0.712 0.827311511191464 0.130817560345898 0.941541102747234 0.999999999989742 0.981818181127002 1 0.125
0.479034845986671 0.176 0.0919906935890366 0.0901009034318533 0.331523079063201 0.0000000000000000000000000328882554086334 0.0635658917100726 0 0.125
0.998763895939615 0.894 0.903006242940681 0.461369426822738 0.877741615665596 0.999999999989742 0.976923076032534 0.800656277429248 0.375
0.0217872981866125 0 0.0407015968386344 0.312767988327323 0.0439448511663639 0.00201215807851978 0.0635658917100726 0 0.375
0.993538763719874 0.99 0.959564701912169 0.508992663669481 0.999105660647988 0.999999999989743 0.981818181127002 1 0.75
0.0000000509263190271791 0.002 0.0388831993871319 0.129755369337704 0.0506550513596141 0.000000000000000000000000018279371971258 0.0635658917100726 0 0
0.98602582285792 0.954 0.957967736613534 0.56020321189366 0.810063050436236 0.999999999989743 0.981818181127002 1 0.625
0.00094437388905244 0.096 0.0626776576139061 0.431095708734259 0.263115760295056 0.000000000000000000000000018279371971258 0.0635658917100726 0 0.375
0.142864783973232 0.056 0.0736146402038482 0.13646223946102 0.039064944641788 0.000000000000000000000000018279371971258 0.0635658917100726 0 0.25
0.375749154946594 0.782 0.759748598052394 0.448162019620967 0.614496242370748 0.999999999989743 0.894117646883516 0.722285717211665 0.5
0.162509856026777 0.222 0.135116708350658 0.0716129854428186 0.309219814046679 0.000000000000000000000000018279371971258 0.141666669543419 0 0
0.773718720822594 0.824 0.868229856677666 0.543936060290689 0.959827112277811 0.0000000000000000000000000182793719845857 0.953846152117972 0.801308261479758 0.5
0.0033290262334644 0.064 0.0658051891825593 0.389399024044112 0.0249598843553553 0.000000000000000000000000018279371971258 0.141666669543419 0 0.25
0.999125267165457 0.92 0.949734036568246 0.536133446942851 0.40817823030877 0.999999999989743 0.914285711244661 0.801308261479758 0.625
0.218576346597308 0.264 0.270018670087333 0.189837044261131 0.23725551815856 0.000478461217568445 0.799999994039536 0.705929810407422 0.125
0.67070020713093 0.634 0.605085035509508 0.524593334295408 0.890084905908313 0.0000000113017997984698 0.0635658917100726 0 0.5
0.000204264056868864 0.072 0.0646473461388372 0.498177971650489 0.102703236904628 0.000000000000000000000000018279371971258 0.0635658917100726 0 0.625
0.63756453024896 0.916 0.829746383969778 0.60498600807068 0.974451035330947 0.999999999983933 0.914285711244661 0.72207396677196 0.625
0.999514274895938 0.98 0.95058390194864 0.50000210796118 0.428255682131183 0.999999999989743 0.981818181127002 1 0.875
0.372764572311358 0.27 0.291159848300892 0.349419479584917 0.582472317639335 0.0000000000000000000212572771803847 0.0635658917100726 0 0.375
0.00003992339426469 0.012 0.0515320599344259 0.144309230775771 0.357055463469354 0.0000000000000000000000000182793719717614 0.0635658917100726 0 0
0.133332164468044 0.31 0.408273598453479 0.149572284350223 0.296947474125781 0.0000000000000000000000000186014195051008 0.279999999523163 0 0.25
0.175795648905508 0.112 0.126951357738108 0.103324815444651 0.0761620843341353 0.00000000000000000000000664429429319017 0.0635658917100726 0 0
0.00418768385853277 0 0.0464646328328311 0.162034100334662 0.134903209213575 0.000000000000000000000000018279371971258 0.0635658917100726 0 0
0.000670293930738633 0.13 0.068183960767227 0.0958803450510806 0.0492265653299141 0.0000000000000000000000000182797533814892 0.0635658917100726 0 0.125
0.0007777295910084 0.02 0.0560720516235098 0.295792017495181 0.0571269259571185 0.000000000000000000000000018279371971258 0.0635658917100726 0 0.125
0.974506859165395 0.994 0.96114159454764 0.5 0.980402894596137 0.999999999989646 0.981818181127002 1 0.625
0.0148245499128731 0.076 0.0629332025358412 0.556670540108168 0.302047925282462 0.000000000000000000000000018279371971258 0.100000000745058 0 0.75
0.0844735879385863 0.07 0.0795405104054151 0.30059291800987 0.0353510067645788 0.999512145280289 0.0635658917100726 0 0
0.348528131881509 0.56 0.592428402180555 0.53305371466776 0.438332535809427 0.999999999989743 0.0635658917100726 0 0.625
0.138687874311115 0.07 0.0942625497256197 0.170487670008072 0.325355397801394 0.000000000000000000000000018279371971258 0.0635658917100726 0 0.375
0.146519794736176 0.086 0.102985957768587 0.267782138494521 0.0410249200978479 0.0000000000000000000000980334217595402 0.0635658917100726 0 0.25
0.00232629469692607 0.008 0.0374209438490105 0.420143399424717 0.0053225226395115 0.000000000000000000000000018279371971258 0.0635658917100726 0 0.375
0.864584521179402 0.894 0.935742421444489 0.399933039531867 0.92155892124725 0.999999999963403 0.981818181127002 1 0.625
0.00739376412617872 0.138 0.100557109961506 0.47313053278393 0.00336240016577627 0.0000000000000000000000000182793721130634 0.0571428577510678 0 0.5
0.231024848352298 0.066 0.13487024205681 0.0912007338981884 0.315925659990681 0.99999999997992 0.0635658917100726 0 0
0.167211369771832 0.058 0.0816678542795038 0.102504020306388 0.00854628052756579 0.000000000000000000000000018377850748023 0.0635658917100726 0 0.125
0.986384343909228 0.634 0.421112705170639 0.377071214005906 0.839810670092712 0.00000000000000000284668318550591 0.976923076032534 0.728086537099697 0.5
0.85961375027517 0.976 0.960457540420725 0.499999937576695 0.989638528741504 0.999999999989338 0.981818181127002 1 0.5
0.544183170452442 0.784 0.776123387425967 0.545647765364504 0.983422790707106 0.999999999989605 0.141666669543419 0 0.5
0.472512450971751 0.078 0.0914037749168339 0.147568810819149 0.177724400167623 0.0000000000000000000000000200876352183028 0.0635658917100726 0 0.25
0.418220513116135 0.112 0.146233066699347 0.136654230793452 0.25874776863843 0.000000000000000000000000018279371971258 0.0635658917100726 0 0.25
0.142804661336277 0.016 0.0503836537476259 0.0794395434582048 0.0505124057791551 0.0000000000000530068624266305 0.0635658917100726 0 0.125
0.00213265642497288 0.004 0.0383312510182783 0.0803801214464841 0.00992431159224749 0.0000000000000000000000000182793719712754 0.0635658917100726 0 0
0.27974299885664 0.15 0.0688861560366205 0.110940255099912 0.527679075332755 0.992365978135801 0.0635658917100726 0 0
0.875414981804506 0.992 0.963319547469013 0.499396568663461 0.996501728236401 0.999999999989698 0.981818181127002 1 0.75
0.839603069517939 0.776 0.749986617338243 0.531709023528859 0.422651304737665 0.999999999982813 0.894117646883516 0.722285717211665 0.75
0.185081744285279 0.14 0.0923701910259778 0.517573521635471 0.551276681892465 0.999999999971948 0.141666669543419 0 0.5
0.868775065899554 0.902 0.904241368018399 0.653061674866039 0.961795895246333 0.99999999997854 0.894117646883516 0.843461454975299 0.75
0.993575713337789 0.996 0.957894029845565 0.50630421360096 0.952289735169363 0.999999999989743 0.976923076032534 0.886289193295654 0.75
0.256341135659587 0.056 0.0736047878440988 0.0963362104575293 0.306357769787966 0.0000000000000000000000105370125732844 0.0635658917100726 0 0
0.409314528447076 0.388 0.150556430607129 0.317801904992686 0.315378768285676 0.999999999941784 0.976923076032534 0.209262437303515 0
0.0625704981188438 0.062 0.075784680293151 0.536696943047581 0.0581955913931965 0.0000000000000000000000000182793744219321 0.0635658917100726 0 0.5
0.854667710947048 0.77 0.736607814172021 0.500000000035284 0.674272875328648 0.999999999989743 0.894117646883516 0.722285717211665 1
0.129370743952199 0.074 0.147870226254815 0.488559994363997 0.0413808019090981 0.000000000000000000000000018279371971258 0.0635658917100726 0 0.875
0.318650662934378 0.142 0.160543816437681 0.247079229052967 0.0718588328658036 0.0000000000000000000000000343870898845061 0.0635658917100726 0 0.25
0.354723985349646 0.086 0.112706129002647 0.105293072024945 0.0901649627154165 0.00000000000000000000158318733651098 0.0635658917100726 0 0.25
0.999620967696756 0.808 0.918046460063688 0.392117658903023 0.944221746769551 0.999999999989743 0.981818181127002 1 0.5
0.638432113418165 0.914 0.931725145557801 0.500000466353704 0.971917367036499 0.999999999989743 0.981818181127002 1 0.75
0.0579491907384977 0.022 0.044613225379561 0.260208666115699 0.0131665796278059 0.0000000000000000000000000185584939959283 0.0635658917100726 0 0.125
0.999095626906333 0.996 0.962998735455453 0.644949117261441 0.952735716459611 0.999999999989743 0.981818181127002 1 0.625
0.0105739674940431 0.006 0.0517354348159485 0.100129109188944 0.0506536938037291 0.000000000000000000000000018279371971258 0.0635658917100726 0 0
0.900497331136008 0.934 0.949645513348521 0.54620502445089 0.914067117273454 0.999999999989733 0.981818181127002 1 0.25
0.0397506107671584 0.208 0.0607334295125969 0.134988335273842 0.0285785170602988 0.0000000000000000000000000239647220560253 0.0635658917100726 0 0.25
0.999957152225554 0.784 0.682145897966873 0.427035893825593 0.357950671201364 0.999999999989743 0.953846152117972 0.729298179125786 0.5
0.84607066139178 0.21 0.130840898225456 0.115521233640318 0.62423142775263 0.999999999989743 0.0635658917100726 0 0
0.0693108145450303 0.06 0.0775037883148357 0.527515112651765 0.0509345301562855 0.0000000000000000000000000182793765148504 0.0635658917100726 0 0.5
0.988334729177981 0.938 0.959838992210286 0.536892274851576 0.357055463469354 0.999999999989743 0.981818181127002 1 0.625
0.956428527028378 0.86 0.933128170477206 0.626112589599871 0.956882211778483 0.999999999989741 0.981818181127002 1 0.5
0.000248664544637308 0.01 0.0351618794449996 0.29314797246496 0.0851898356028719 0.000000000000000000000000018279371971258 0.0635658917100726 0 0.125
