0.914285711244661
0.981818181127002
0.0635658917100726
0.0635658917100726
0.0635658917100726
0.976923076032534
0.894117646883516
0.141666669543419
0.0635658917100726
0.0635658917100726
0.100000000745058
0.894117646883516
0.279999999523163
0.0635658917100726
0.894117646883516
0.0635658917100726
0.0635658917100726
0.0635658917100726
0.953846152117972
0.0635658917100726
0.981818181127002
0.141666669543419
0.0635658917100726
0.981818181127002
0.0635658917100726
0.0635658917100726
0.894117646883516
0.976923076032534
0.0635658917100726
0.894117646883516
0.0635658917100726
0.924999997299164
0.953846152117972
0.0635658917100726
0.0635658917100726
0.0635658917100726
0.981818181127002
0.0635658917100726
0.0635658917100726
0.141666669543419
0.953846152117972
0.0635658917100726
0.981818181127002
0.141666669543419
0.981818181127002
0.0635658917100726
0.981818181127002
0.0635658917100726
0.0635658917100726
0.894117646883516
0.0635658917100726
0.0635658917100726
0.0635658917100726
0.0635658917100726
0.894117646883516
0.0635658917100726
0.0635658917100726
0.100000000745058
0.0635658917100726
0.0635658917100726
0.0635658917100726
0.0635658917100726
0.0635658917100726
0.0635658917100726
0.0635658917100726
0.924999997299164
0.0635658917100726
0.0635658917100726
0.981818181127002
0.894117646883516
0.0635658917100726
0.976923076032534
0.981818181127002
0.0635658917100726
0.0635658917100726
0.894117646883516
0.0635658917100726
0.981818181127002
0.981818181127002
0.981818181127002
0.953846152117972
0.894117646883516
0.894117646883516
0.141666669543419
0.0635658917100726
0.0635658917100726
0.924999997299164
0.0635658917100726
0.0635658917100726
0.141666669543419
0.0635658917100726
0.141666669543419
0.953846152117972
0.894117646883516
0.914285711244661
0.976923076032534
0.0635658917100726
0.141666669543419
0.981818181127002
0.981818181127002
0.894117646883516
0.0635658917100726
0.981818181127002
0.0635658917100726
0.0635658917100726
0.924999997299164
0.981818181127002
0.894117646883516
0.0635658917100726
0.141666669543419
0.981818181127002
0.141666669543419
0.0635658917100726
0.894117646883516
0.894117646883516
0.976923076032534
0.0635658917100726
0.894117646883516
0.141666669543419
0.799999994039536
0.141666669543419
0.981818181127002
0.0635658917100726
0.894117646883516
0.0635658917100726
0.0635658917100726
0.0635658917100726
0.0635658917100726
0.894117646883516
0.0635658917100726
0.953846152117972
0.0571428577510678
0.799999994039536
0.0635658917100726
0.0635658917100726
0.0635658917100726
0.0635658917100726
0.141666669543419
0.0635658917100726
0.0635658917100726
0.981818181127002
0.0635658917100726
0.141666669543419
0.981818181127002
0.0635658917100726
0.981818181127002
0.0635658917100726
0.976923076032534
0.0635658917100726
0.976923076032534
0.0635658917100726
0.976923076032534
0.0635658917100726
0.0635658917100726
0.894117646883516
0.981818181127002
0.0635658917100726
0.914285711244661
0.141666669543419
0.981818181127002
0.0635658917100726
0.981818181127002
0.141666669543419
0.0635658917100726
0.799999994039536
0.981818181127002
0.0635658917100726
0.0635658917100726
0.0635658917100726
0.0635658917100726
0.100000000745058
0.981818181127002
0.953846152117972
0.0635658917100726
0.0635658917100726
0.141666669543419
0.914285711244661
0.141666669543419
0.0635658917100726
0.0635658917100726
0.0635658917100726
0.0635658917100726
0.981818181127002
0.141666669543419
0.0635658917100726
0.976923076032534
0.914285711244661
0.894117646883516
0.0635658917100726
0.894117646883516
0.0635658917100726
0.0635658917100726
0.0635658917100726
0.981818181127002
0.100000000745058
0.0635658917100726
0.976923076032534
0.0635658917100726
0.981818181127002
0.976923076032534
0.0635658917100726
0.0635658917100726
0.0635658917100726
0.0635658917100726
0.0635658917100726
0.894117646883516
0.0635658917100726
0.981818181127002
0.914285711244661
0.0635658917100726
0.981818181127002
0.981818181127002
0.0635658917100726
0.981818181127002
0.0635658917100726
0.0635658917100726
0.0635658917100726
0.0635658917100726
0.0635658917100726
0.981818181127002
0.0635658917100726
0.0635658917100726
0.0635658917100726
0.0635658917100726
0.0635658917100726
0.141666669543419
0.0635658917100726
0.924999997299164
0.924999997299164
0.981818181127002
0.0635658917100726
0.0635658917100726
0.0800000007152557
0.0635658917100726
0.894117646883516
0.141666669543419
0.0635658917100726
0.0635658917100726
0.914285711244661
0.0635658917100726
0.0635658917100726
0.0635658917100726
0.0635658917100726
0.894117646883516
0.141666669543419
0.0635658917100726
0.141666669543419
0.981818181127002
0.0635658917100726
0.0635658917100726
0.0635658917100726
0.981818181127002
0.981818181127002
0.981818181127002
0.279999999523163
0.894117646883516
0.953846152117972
0.953846152117972
0.894117646883516
0.981818181127002
0.0635658917100726
0.0635658917100726
0.0635658917100726
0.981818181127002
0.141666669543419
0.0635658917100726
0.0635658917100726
0.981818181127002
0.894117646883516
0.894117646883516
0.0635658917100726
0.981818181127002
0.0635658917100726
0.0635658917100726
0.0635658917100726
0.914285711244661
0.976923076032534
0.141666669543419
0.0635658917100726
0.0635658917100726
0.0635658917100726
0.981818181127002
0.0635658917100726
0.976923076032534
0.0800000007152557
0.0635658917100726
0.0635658917100726
0.799999994039536
0.0635658917100726
0.0635658917100726
0.981818181127002
0.981818181127002
0.0635658917100726
0.0635658917100726
0.0635658917100726
0.976923076032534
0.0635658917100726
0.141666669543419
0.0635658917100726
0.981818181127002
0.0635658917100726
0.141666669543419
0.981818181127002
0.0635658917100726
0.0635658917100726
0.0635658917100726
0.0635658917100726
0.976923076032534
0.0635658917100726
0.0635658917100726
0.981818181127002
0.914285711244661
0.981818181127002
0.953846152117972
0.0635658917100726
0.894117646883516
0.0635658917100726
0.0635658917100726
0.0635658917100726
0.0635658917100726
0.981818181127002
0.914285711244661
0.981818181127002
0.894117646883516
0.953846152117972
0.981818181127002
0.0635658917100726
0.0635658917100726
0.894117646883516
0.0635658917100726
0.981818181127002
0.981818181127002
0.0635658917100726
0.0635658917100726
0.0635658917100726
0.141666669543419
0.894117646883516
0.894117646883516
0.0635658917100726
0.914285711244661
0.0635658917100726
0.0635658917100726
0.141666669543419
0.976923076032534
0.0635658917100726
0.0635658917100726
0.976923076032534
0.981818181127002
0.894117646883516
0.0635658917100726
0.0635658917100726
0.0635658917100726
0.0635658917100726
0.0635658917100726
0.141666669543419
0.141666669543419
0.100000000745058
0.981818181127002
0.953846152117972
0.0635658917100726
0.0635658917100726
0.0635658917100726
0.0635658917100726
0.981818181127002
0.981818181127002
0.953846152117972
0.924999997299164
0.0635658917100726
0.0635658917100726
0.981818181127002
0.0635658917100726
0.0635658917100726
0.0800000007152557
0.0635658917100726
0.976923076032534
0.924999997299164
0.0635658917100726
0.976923076032534
0.981818181127002
0.981818181127002
0.0635658917100726
0.981818181127002
0.924999997299164
0.976923076032534
0.0635658917100726
0.0635658917100726
0.0635658917100726
0.0635658917100726
0.0635658917100726
0.141666669543419
0.0635658917100726
0.0635658917100726
0.0635658917100726
0.0635658917100726
0.0635658917100726
0.799999994039536
0.981818181127002
0.894117646883516
0.981818181127002
0.0635658917100726
0.981818181127002
0.0635658917100726
0.0635658917100726
0.894117646883516
0.894117646883516
0.0635658917100726
0.0635658917100726
0.0635658917100726
0.0635658917100726
0.0635658917100726
0.981818181127002
0.0635658917100726
0.976923076032534
0.0635658917100726
0.981818181127002
0.0635658917100726
0.981818181127002
0.0635658917100726
0.0635658917100726
0.894117646883516
0.141666669543419
0.953846152117972
0.141666669543419
0.914285711244661
0.799999994039536
0.0635658917100726
0.0635658917100726
0.914285711244661
0.981818181127002
0.0635658917100726
0.0635658917100726
0.279999999523163
0.0635658917100726
0.0635658917100726
0.0635658917100726
0.0635658917100726
0.981818181127002
0.100000000745058
0.0635658917100726
0.0635658917100726
0.0635658917100726
0.0635658917100726
0.0635658917100726
0.981818181127002
0.0571428577510678
0.0635658917100726
0.0635658917100726
0.976923076032534
0.981818181127002
0.141666669543419
0.0635658917100726
0.0635658917100726
0.0635658917100726
0.0635658917100726
0.0635658917100726
0.981818181127002
0.894117646883516
0.141666669543419
0.894117646883516
0.976923076032534
0.0635658917100726
0.976923076032534
0.0635658917100726
0.894117646883516
0.0635658917100726
0.0635658917100726
0.0635658917100726
0.981818181127002
0.981818181127002
0.0635658917100726
0.981818181127002
0.0635658917100726
0.981818181127002
0.0635658917100726
0.953846152117972
0.0635658917100726
0.0635658917100726
0.981818181127002
0.981818181127002
0.0635658917100726
