0.522600181804941
0.526601706159293
0.0981446343185914
0.311261637765117
0.527343047892147
0.460136933179277
0.534000990492952
0.281224433292467
0.403266039101022
0.12455382271484
0.248866249902671
0.536899405497378
0.104803398487755
0.217361818482057
0.555775168809414
0.0830775507117437
0.280856813483203
0.321208772359382
0.425531064050573
0.370878229862474
0.261761127379857
0.29005121268139
0.602718347184272
0.444520096496961
0.390742519759224
0.116822410554065
0.583404676474334
0.56034371505134
0.424375796168441
0.496123688247812
0.476002258073862
0.261679383112335
0.569730436396976
0.14974258149936
0.374891874286729
0.100808267203293
0.500000000000133
0.571680777632453
0.0774404018848953
0.355127071743222
0.620043527541899
0.344837544044269
0.493798291133102
0.500000008195374
0.439052519543237
0.569769664182013
0.468274462751823
0.238259870019565
0.30800695790316
0.500000000000001
0.498452806623101
0.393647453815749
0.145571592183122
0.641890728593959
0.561190052110665
0.383880222371406
0.2287519929435
0.499999999450219
0.351072309891764
0.360162010500858
0.109437956213662
0.113628698992315
0.0720909734921684
0.0661332806597426
0.431041856422133
0.64540302052151
0.19172039796997
0.372181471074935
0.435856593257858
0.522089687993684
0.0830775507117437
0.5
0.584627551791433
0.124596898617047
0.406903994790659
0.435104912680345
0.113448842039216
0.51088526288448
0.534745728199865
0.500061874195295
0.526845075016782
0.63528479258435
0.613252258172083
0.397777873208742
0.385561810413293
0.0938868941789791
0.430816944030148
0.0939495151663409
0.131395655923863
0.518120620895515
0.100192055049157
0.402372749688466
0.430761233935507
0.500000000000146
0.613050939128593
0.295120705666212
0.368585103762092
0.547450376395519
0.617878961924429
0.614645139551193
0.506743665755631
0.0833935502786644
0.500009338922465
0.111654214244747
0.165169127601004
0.463575822161261
0.41335239640949
0.442866261135012
0.0806720670645481
0.502168044890783
0.503453698799561
0.137424850959907
0.102509400210104
0.648282267774202
0.41502033339665
0.499999998907942
0.0991531433458493
0.50126529355395
0.53937529132882
0.354807754888182
0.183466505503909
0.511514819908014
0.268979492073119
0.5
0.326841687924616
0.129700795419678
0.116960478236961
0.249707711047639
0.534600014220456
0.406987360804636
0.526490637903579
0.476260878428598
0.47403775123809
0.474453979647973
0.672430908229565
0.0832793326770281
0.099677102890542
0.361257656491947
0.0933141121692396
0.371756844543736
0.500000000000282
0.228371322306068
0.5
0.603468428271535
0.449366374180469
0.594577814359084
0.246736814107815
0.487884281088314
0.143111875137379
0.600802398698479
0.100401087785637
0.556826522214696
0.640979166619851
0.0872691854593368
0.426167252642892
0.406615915742874
0.111654214244747
0.474901917469978
0.478828865044533
0.477032092188763
0.291022479586174
0.469541031084889
0.0932548069477574
0.100134108523556
0.123699732025182
0.401724508899259
0.324562271307166
0.265011045673726
0.437540572690675
0.405373611266425
0.399268801641205
0.450931476637967
0.598670775661019
0.710003836843316
0.440813964196196
0.460935894226537
0.529779217338267
0.284784584133502
0.0830775507117437
0.111654214244747
0.13697337355913
0.455997626826595
0.603395568301054
0.578967339752826
0.0904347097836474
0.5
0.518133756273089
0.41247300811565
0.122648868762872
0.242886268015935
0.499999999999934
0.127231438524015
0.501499507286955
0.547107829414
0.500000008391102
0.13697337355913
0.607984325337549
0.165253811138772
0.5
0.500000000000004
0.0641325405040072
0.40127396674099
0.165952765388269
0.272869791174256
0.276618684484643
0.620738705796092
0.0811183202227143
0.306439557244862
0.529966408392108
0.424214497075686
0.592361289637431
0.516839755271943
0.129558098228201
0.421196038934261
0.0830775507117437
0.0769770000563148
0.0898850018037892
0.329588242575687
0.0889402303433346
0.379183369503313
0.0873917786039053
0.573027086574548
0.279145126646603
0.218464672010645
0.399679278391397
0.519063101800983
0.259980074327729
0.510243679857325
0.457386710404627
0.429096875933418
0.50972457422927
0.0859589276150061
0.402431246896127
0.324148900203806
0.192834490169106
0.649056715689032
0.277136765640053
0.186883675043045
0.181014199392642
0.271698852238489
0.136629572105104
0.296735972836138
0.162429843687556
0.572843943366808
0.435959023966486
0.248213894360692
0.54792377635418
0.587051466733719
0.380703357244734
0.468107612171225
0.294230876902646
0.547923751591431
0.386167366447737
0.54036567817664
0.372141296590932
0.5
0.64529932940224
0.627381113887069
0.542617612368342
0.529244079971722
0.154451023366551
0.0879644864365053
0.0756936020739678
0.5807689499935
0.515796097282044
0.2312551521532
0.12823105856925
0.618627916665328
0.561190052110665
0.661553298456839
0.552114737503818
0.533561155186341
0.10573794188185
0.118178456615978
0.56152140137119
0.463413504746652
0.56050199140498
0.0852793928315436
0.366575124377278
0.107718822299355
0.11715380145026
0.596031824428921
0.632822628911562
0.5
0.499888649033721
0.379005071138978
0.522662552881181
0.459462139566077
0.110152223909986
0.250005506060357
0.574241714229462
0.481546809772655
0.11465906739447
0.292458657112184
0.082698873183539
0.651160142677206
0.356085457900042
0.438224875658209
0.508328666162665
0.637480355343097
0.109528936181921
0.33295367058287
0.402883116820705
0.240893679618905
0.500380392641883
0.135141630990664
0.335159668435261
0.341646471938134
0.386908330069477
0.504148377081181
0.467718665342046
0.528032283063342
0.614301440043917
0.598669923279596
0.547704587087481
0.379238828440866
0.538553946781232
0.139645772706973
0.128065748624857
0.105822924127647
0.501089668126294
0.628197684416228
0.516180202466888
0.540498710845721
0.200578133915533
0.568941746642614
0.0906726459840834
0.132897390837587
0.675003172999349
0.220373652989937
0.592735615443593
0.513668110065478
0.0828164928714921
0.189791288484647
0.0620095701068356
0.670446824874619
0.501461986406669
0.542991552824343
0.415359782379412
0.188627708270145
0.524702740736669
0.121422504870526
0.570115148363276
0.463262390694482
0.320799686937221
0.419582026333864
0.480723735607422
0.565356948134073
0.5
0.329855605360687
0.312052745089502
0.619078046156357
0.620099406271944
0.262188871918683
0.258026986394584
0.182772490367346
0.192495875881091
0.500009338922465
0.116327293148431
0.328514157819518
0.483919498108197
0.388193755670858
0.438517090156475
0.511298361802888
0.5
0.41390616819866
0.477512494168378
0.087920640140653
0.31156026879434
0.656249667832
0.29386374596069
0.152697361420473
0.578666891973577
0.586047249849451
0.547464509291401
0.5
0.112204857666079
0.419278627635771
0.503822286659542
0.5
0.115154372001174
0.271922067373763
0.403626995294955
0.5
0.286467273055933
0.0806720670645481
0.0879579209111376
0.110152223909986
0.0830775507117437
0.496770256089621
0.0885929606873098
0.10935073767314
0.677127229660073
0.0787307890187054
0.362512796171536
0.617528403321527
0.551462297642152
0.173050183676129
0.464245627564781
0.0830775507117437
0.500009338922465
0.0954322111929687
0.370169045860059
0.496123688247812
0.561190052110665
0.0830775507117437
0.318647701976328
0.195837005882672
0.533010962856907
0.0938559374810219
0.137249284581368
0.0919049659042269
0.466441035254294
0.307352465867661
0.536686737696497
0.13697337355913
0.568746105238719
0.421771165635294
0.141554109144079
0.446592582735782
0.0708318136479162
0.531205532288138
0.391875686244721
0.555026871286247
0.192294170511246
0.525175614198586
0.501485787481198
0.608251822844084
0.500000072173113
0.350077270866332
0.165521313588968
0.153153297864452
0.1081866859591
0.188519971932628
0.0994887894897717
0.274452587839149
0.5
0.548608360506733
0.271777023258174
0.539723125023778
0.180814196311652
0.271839956105616
0.429172392718757
0.411675616600518
0.462672943092528
0.0944688215509151
0.10753997727482
0.387459696955984
0.499999999133966
0.547924134358645
0.166749946350771
0.142742542920162
0.0790447893117033
0.0813990684292979
0.114439231377618
0.499865896749408
0.552288335867302
0.522728024539645
0.657491159615757
0.502754780101698
0.0989003501401446
0.30037120432471
0.529287605721513
0.500000000000052
0.514340168983018
0.256857440013249
0.111440304215112
0.392563208868521
0.500000010982112
0.234270969815951
0.628668183484722
0.110152223909986
0.535389858191818
0.140032073908592
0.433099780928499
0.124493268190798
0.512263611962275
0.521829044413334
0.619237222056509
0.274887779566013
