0.828381090426262
0.947480269526949
0.0629702417144226
0.0387236206347108
0.197904033696572
0.199975629497285
0.783906061380684
0.459748665977899
0.0652745154529749
0.204833983166893
0.105976852544764
0.857723912849081
0.551686989543272
0.0685834014066351
0.90916050716279
0.0457949599120859
0.0455409859694947
0.0437459223396919
0.871461300657709
0.0394924070272967
0.880253366593741
0.848863583816321
0.0434151519564783
0.930011450988899
0.0509613375681213
0.0387754165691319
0.930944859561113
0.954360037998625
0.0376948472575627
0.407461759228189
0.0675247599870389
0.547972742873978
0.935397502683191
0.0862175224361558
0.044431978512457
0.0513166093904634
0.961687978472168
0.184162354293297
0.0650693381218954
0.179995428883794
0.917444799072013
0.118478529472139
0.962118365566027
0.129035396705116
0.932230329626567
0.0351212207721558
0.936337867435406
0.0370683917795149
0.369813799226392
0.911680646843492
0.0484781014245792
0.0360074444495332
0.0398687405353303
0.0444692294464101
0.366321594459759
0.137948332803589
0.184662029927404
0.624883864307449
0.288969024766758
0.267568173222627
0.146866595717402
0.070970510479502
0.0457949599120859
0.0455842845030039
0.0341040671782609
0.932134231928259
0.587590537880191
0.156535942447901
0.863237634880462
0.904903436206081
0.0457949599120859
0.953863870698998
0.913215645141872
0.445254980152999
0.0472808561684808
0.863071360091553
0.121931693628047
0.939473750241087
0.952599501529608
0.877295968136948
0.946811735245124
0.959424590742041
0.481935130131878
0.189538016345015
0.0606889541923401
0.0846130251389535
0.861620601243626
0.0505422601896464
0.038557053696836
0.192084774205164
0.0970973155989257
0.494199058549445
0.914304070014971
0.913178437448445
0.805134351393294
0.585061572528637
0.0389942681829022
0.0616641817528821
0.95333165846109
0.957267853728692
0.374075598991027
0.0736350165189129
0.939912375876194
0.0511499768312023
0.0466849902626339
0.737006344242574
0.620191444057577
0.060869827701448
0.0506003714982994
0.141807608712541
0.960522263075444
0.26864670360368
0.0804041781590527
0.948250766861024
0.690357798238724
0.951033647136772
0.0535019401273734
0.457113807282843
0.843070927101251
0.0700398903275228
0.183742931478419
0.935401703379925
0.0888109549054217
0.730905525134548
0.0972767776721909
0.092606207015893
0.132544657140093
0.233250999318374
0.266722680420521
0.0482340774852253
0.933184461931422
0.216178919161799
0.348481425572265
0.0999586186099061
0.414511045281687
0.0888222279638809
0.107217669845169
0.657331411858293
0.138598141577567
0.0352395508462785
0.961389927891107
0.165742642161439
0.0573562414784955
0.955209658152007
0.149435759874081
0.958034347724084
0.0937434417887681
0.950775728216756
0.162286320251524
0.889398698160435
0.0422612284521563
0.951830558266243
0.0485583681956668
0.0671265676849256
0.546692809626368
0.95889429327108
0.0511499768312023
0.873380281207002
0.0530630142479267
0.955802915067848
0.220717691874168
0.962497201452876
0.139362993714271
0.0495557061917956
0.511498897783467
0.958568441934118
0.329496016267794
0.0817752272305375
0.164492963902066
0.0830679694354418
0.841360336460676
0.952778208248295
0.915039073725259
0.0397454707618662
0.04613409431158
0.37147539719566
0.385651806421158
0.508527751095795
0.0457949599120859
0.0511499768312023
0.038557053696836
0.522163302759203
0.947498199544008
0.113851669387571
0.0502482660895917
0.939573821393428
0.81448675796086
0.754466763090419
0.0447322026720536
0.215973906406254
0.0694522616037786
0.104214711476177
0.535782162533742
0.921742084906781
0.420110840210674
0.038557053696836
0.949718363981285
0.098239604869039
0.949973412190092
0.956630327591398
0.0461526039259511
0.125816513283376
0.0688064722271283
0.0763007173540243
0.0391446280098581
0.90762219215647
0.0506003714982994
0.895812332294535
0.828119690223098
0.517353225963562
0.926011873255305
0.908970994432115
0.337927373311833
0.929846064708258
0.0457949599120859
0.0455230750125602
0.0762727474600659
0.0688913724296748
0.0750025264177347
0.848378061302712
0.0559557453879495
0.0963505825211587
0.431751783103984
0.335402017602302
0.0911028498183908
0.845990793498129
0.0539613561724722
0.931032317321775
0.886081892952803
0.914503352169091
0.037512113715654
0.146875630895378
0.0525010873740443
0.0980127559403966
0.373039407418177
0.446815981840616
0.207127031780875
0.0601782455841213
0.815761729168926
0.0948325280350397
0.0662962757498001
0.0794142896632411
0.118690134858088
0.819838666736598
0.099378507673714
0.0502622208934503
0.781819263510435
0.956938456007662
0.0583903167249326
0.0360144264692702
0.0637730380540412
0.959309553070246
0.34520661850756
0.941072159489982
0.547589052516912
0.953059115262338
0.709032604415017
0.816829288889797
0.855661556722822
0.960686034847414
0.0395257442365082
0.0365511790772096
0.0597871141728093
0.891828546063416
0.802892551133177
0.170401119220524
0.0659851575844585
0.885016949645128
0.366321594459759
0.423833893283641
0.906196728465222
0.943357954160418
0.121059091530042
0.100021703868648
0.79152574554588
0.817380634497354
0.936512534894107
0.089380245492646
0.17715381856924
0.0875278732814252
0.0385004652579959
0.928572304024716
0.0522340744487398
0.939687562057794
0.145863652492072
0.0436524439433682
0.0694172681370677
0.115613906544381
0.0506828908401528
0.105464784053604
0.961744047257469
0.952162166337289
0.0593453615265789
0.0704096201781835
0.0506003714982994
0.953598860534839
0.0529841680350519
0.0652244573941336
0.684230936494349
0.882192160576329
0.0816561670270908
0.132728954124992
0.953733593882007
0.0568030234926254
0.0836769675471544
0.055679607141356
0.195769643452145
0.821989476197559
0.0415345445045937
0.0441892477614427
0.920551555422602
0.954837544450563
0.95833685419894
0.91580070941894
0.0473715965697141
0.708039911837509
0.0451704835596479
0.0687134280280285
0.038557053696836
0.0688687509286716
0.942412775736073
0.930640223288622
0.660624215252371
0.941671836542759
0.559568367590233
0.960757659397327
0.07766759655606
0.137406585176445
0.953972748122773
0.100803799511264
0.957719434270298
0.959613431675357
0.0894634800901817
0.0444736716516682
0.0459712752790302
0.0951636983548523
0.601834237020144
0.881328021638768
0.0475229527286985
0.852001661033986
0.0435420775285137
0.084362617836874
0.136020435969608
0.889489453941689
0.0747160069378676
0.0442270998472881
0.101290627807459
0.96268172198738
0.952524799025516
0.134663306776266
0.0502673794578094
0.130630696581661
0.144166745168155
0.0455319476418738
0.132520246418363
0.477010667376985
0.0998621908930623
0.939912375876194
0.278065709946866
0.136881446434829
0.0816088810609921
0.0696292960872516
0.30833762309811
0.961345765595069
0.945212993349127
0.764569974251071
0.875243302091918
0.039703678707122
0.0471996227344434
0.922330384731154
0.0393571722702542
0.0877565189426733
0.0510791571135903
0.0610536408842023
0.3578785572473
0.245808836541518
0.124378877646262
0.932194983098946
0.945775002066274
0.922123227874661
0.0536002337564312
0.925939729123889
0.854804566171725
0.957352620300518
0.0404825816143879
0.0506003714982994
0.0601453553421706
0.0506828908401528
0.0457949599120859
0.148623637083544
0.300927135942011
0.0638687236981882
0.0598415836903033
0.0962142610986643
0.199507590362015
0.103885031508295
0.910575501161576
0.190625290093203
0.906771204331599
0.0457949599120859
0.939912375876194
0.0502482660895917
0.0443696007201037
0.407461759228189
0.366321594459759
0.0457949599120859
0.406449684451993
0.270016378424594
0.0554943376460922
0.0757236008979201
0.826666939121323
0.0899309943612154
0.902589784022696
0.0405186068122475
0.959680404791986
0.038557053696836
0.957277888598464
0.0622864484301463
0.0733651391817419
0.767014360492609
0.131571275769016
0.859160190012154
0.0632788904366583
0.951074483018057
0.265597327306474
0.616183057734197
0.0654807980600506
0.828911346089767
0.948037656003513
0.288620858802633
0.0520631401809362
0.419314960570223
0.12561372870107
0.0457949599120859
0.0657775056379783
0.0550216274897855
0.961059464571165
0.0605768352625731
0.0780420518764193
0.595035183997565
0.0964133863785969
0.101724736401303
0.0362263383682855
0.93507615838435
0.101787241943056
0.134577892566057
0.0823284498094901
0.418364062997287
0.959394920866466
0.786462939052424
0.0891589537445834
0.141572267390485
0.0506003714982994
0.0384406564280028
0.0696969699962511
0.962959515813139
0.765958078948659
0.0904436066671112
0.897651240830838
0.957514174770191
0.0750816542930786
0.150433054761738
0.0743620354889064
0.742732060652347
0.150247213444816
0.162365786632649
0.109490433054647
0.917689590233234
0.925693048476009
0.0439124291170775
0.962970401409924
0.0506828908401528
0.95052798389607
0.0598200669682607
0.689914565168881
0.132544657140093
0.0758032488635318
0.960308067378104
0.934855583774893
0.0350099948679391
