0.4
0.525
0.225
0.15
0.275
0.225
0.375
0.7
0.225
0.475
0.25
0.7
0.375
0.225
0.8
0.075
0
0.175
0.625
0.125
0.775
0.7
0.15
0.575
0.175
0.125
0.725
0.825
0.15
0.225
0.225
0.5
0.475
0.05
0.2
0.125
0.825
0.325
0.125
0.25
0.525
0.3
0.95
0.325
0.575
0
0.6
0
0.6
0.65
0.15
0
0.125
0.15
0.75
0.225
0.325
0.35
0.35
0.51219512195122
0.25
0.2
0.075
0.125
0.075
0.55
0.325
0.25
0.575
0.725
0.075
0.975
0.425
0.325
0.025
0.475
0.25
0.65
0.6
1
0.375
0.875
0.45
0.2
0.225
0.15
0.25
0.25
0
0.225
0.25
0.4
0.775
0.8
0.35
0.825
0.175
0.25
0.75
0.675
0.375
0.25
0.875
0.175
0
0.275
0.25
0.075
0.25
0.225
0.975
0.475
0.275
0.6
0.475
0.725
0.25
0.475
0.375
0.125
0.4
0.595238095238095
0.225
0.475
0.3
0.4
0.560975609756098
0.25
0.3
0.15
0.75
0.225
0.7
0.35
0.35
0.3
0.2
0.375
0.225
0.075
0.85
0.375
0.225
0.625
0.275
0.6
0.2
0.525
0.2
0.55
0.3
0.725
0.225
0.275
0.125
0.775
0.175
0.625
0.225
0.425
0.325
0.75
0.225
0.125
0.675
0.8
0.6
0.225
0.075
0.2
0.525
0.575
0.9
0.075
0.2
0.55
0.3
0.45
0.075
0.175
0
0.275
0.4
0.225
0.075
0.8
0.475
0.5
0.275
0.15
0.225
0.3
0.25
0.975
0.25
0
0.55
0.325
0.9
0.8
0.075
0.25
0.225
0.2
0.075
0.365853658536585
0.25
0.35
0.4
0.225
0.5
0.75609756097561
0.225
0.55
0.075
0.121951219512195
0.25
0.2
0.175
0.3
0.2
0.175
0.425
0.375
0.225
0.575
0.25
0.8
0.275
0.523809523809524
0.2
0.357142857142857
0.025
0.075
0.85
0.375
0.275
0.0487804878048781
0.425
0.0476190476190476
0.2
0
0.325
0.3
0.175
0.225
0.4
0.875
0.075
0.075
0.075
0.775
0
0.8
0.375
0.75
0.675
0.390243902439024
0.7
0.9
0.1
0.025
0.3
0.75
0.275
0.475
0.175
0.575
0.75
0.275
0.6
0.525
0.575
0.125
0.390243902439024
0.428571428571429
0.725
0.3
0.15
0.175
0
0.4
0.0731707317073171
0.9
0.2
0.125
0.25
0.4
0.075
0.2
0.575
0.55
0.225
0.225
0.25
0.85
0.05
0.225
0.418604651162791
0.625
0.175
0.225
0.75
0.15
0.25
0.175
0.175
0.55
0.075
0.2
0.325
0.45
0.829268292682927
0.9
0.1
0.5
0.2
0.05
0
0.2
0.625
0.525
0.6
0.65
0.675
0.925
0.3
0.175
0.775
0.325
0.875
0.7
0.25
0.024390243902439
0.225
0.15
0.075
0.775
0.2
0.439024390243902
0.175
0.275
0.225
0.35
0.15
0.1
0.15
0.875
0.85
0.175
0.225
0.275
0.125
0.0238095238095238
0.325581395348837
0.325
0.725
0.875
0.225
0.3
0.125
0.225
0.25
0.7
0.925
0.4
0.425
0.0731707317073171
0.075
0.525
0.175
0.3
0.15
0.175
0.15
0.425
0.3
0.825
0.325
0.875
0.225
0.475
0.45
0.875
0.175
0.25
0.1
0.075
0.075
0.25
0.225
0.425
0.025
0.325
0.25
0.175
0.875
0.225
0.525
0.075
0.875
0.125
0.2
0.225
0.75
0.075
0.45
0.4
0.325
0.2
0.675
0.525
0.8
0.125
0.775
0
0.65
0.075
0.2
0.425
0.275
0.525
0.05
0.775
0.25
0.625
0.05
0.45
0.925
0.35
0.2
0.225
0.225
0.075
0.075
0
0.8
0.15
0.225
0.219512195121951
0.1
0.2
0.1
0.463414634146341
0.175
0.525
0.275
0.725
0.45
0.4
0.4
0.325
0.25
0.075
0.225
0.575
0.575
0.25
0.55
0.85
0.35
0.35
0.15
0.675
0.15
0.35
0.325
0.8
0.275
0.175
0.825
0.075
0.45
0.2
0.8
0.6
0.15
0.558139534883721
0.325
0
