0.62
0.72
0.08
0.36
0.62
0.72
0.58
0.34
0.64
0.12
0.22
0.42
0.1
0.18
0.66
0.06
0.24
0.36
0.54
0.38
0.2
0.2
0.72
0.42
0.42
0.18
0.44
0.82
0.44
0.68
0.64
0.2
0.62
0.18
0.64
0.12
0.8
0.62
0.06
0.34
0.52
0.3
0.44
0.8
0.4
0.62
0.42
0.22
0.22
0.7
0.74
0.44
0.18
0.72
0.42
0.62
0.2
0.82
0.32
0.3
0.14
0.16
0.06
0.06
0.44
0.52
0.22
0.4
0.4
0.48
0.06
0.82
0.64
0.14
0.44
0.42
0.16
0.46
0.7
0.7
0.6
0.64
0.54
0.38
0.4
0.12
0.44
0.1
0.18
0.64
0.06
0.52
0.4
0.74
0.56
0.2
0.36
0.7
0.56
0.52
0.66
0.08
0.8
0.06
0.16
0.52
0.42
0.64
0.06
0.72
0.66
0.18
0.1
0.62
0.36
0.78
0.12
0.64
0.48
0.36
0.16
0.48
0.24
0.8
0.34
0.12
0.14
0.22
0.64
0.52
0.56
0.66
0.44
0.54
0.6
0.08
0.12
0.34
0.12
0.44
0.82
0.18
0.82
0.5
0.46
0.64
0.34
0.56
0.16
0.62
0.14
0.44
0.56
0.1
0.54
0.44
0.06
0.44
0.56
0.44
0.18
0.74
0.08
0.14
0.12
0.36
0.26
0.24
0.54
0.54
0.46
0.4
0.64
0.6
0.66
0.52
0.44
0.3
0.06
0.06
0.18
0.46
0.66
0.64
0.08
0.8
0.62
0.48
0.16
0.2
0.76
0.16
0.66
0.4
0.78
0.18
0.54
0.16
0.82
0.82
0.0508474576271186
0.36
0.18
0.48
0.26
0.46
0.08
0.22
0.62
0.34
0.6
0.42
0.14
0.4
0.06
0.06
0.08
0.28
0.08
0.42
0.08
0.66
0.28
0.18
0.36
0.44
0.32
0.64
0.36
0.42
0.54
0.06
0.64
0.36
0.12
0.56
0.22
0.06
0.22
0.2
0.16
0.36
0.2
0.54
0.66
0.28
0.58
0.68
0.44
0.64
0.34
0.52
0.44
0.64
0.38
0.78
0.549019607843137
0.66
0.44
0.46
0.18
0.08
0.06
0.46
0.52
0.2
0.16
0.48
0.42
0.52
0.64
0.42
0.08
0.16
0.44
0.44
0.62
0.08
0.38
0.08
0.06
0.64
0.54
0.82
0.74
0.64
0.62
0.44
0.06
0.22
0.68
0.42
0.16
0.4
0.06
0.62
0.36
0.7
0.38
0.6
0.06
0.34
0.46
0.28
0.8
0.2
0.34
0.36
0.529411764705882
0.74
0.66
0.64
0.66
0.64
0.52
0.3
0.62
0.18
0.2
0.16
0.54
0.66
0.42
0.44
0.16
0.64
0.08
0.06
0.72
0.18
0.68
0.64
0.06
0.14
0.06
0.54
0.48
0.52
0.64
0.22
0.54
0.14
0.62
0.36
0.34
0.44
0.62
0.7
0.784313725490196
0.38
0.42
0.66
0.62
0.254901960784314
0.22
0.2
0.06
0.8
0.14
0.28
0.42
0.46
0.54
0.72
0.8
0.4
0.36
0.06
0.36
0.64
0.26
0.06
0.72
0.62
0.64
0.8
0.12
0.4
0.74
0.8
0.16
0.5
0.36
0.82
0.3
0.06
0.06
0.06
0.06
0.74
0.1
0.1
0.6
0.06
0.4
0.66
0.52
0.14
0.7
0.06
0.8
0.06
0.36
0.68
0.42
0.06
0.36
0.16
0.62
0.08
0.16
0.06
0.44
0.36
0.42
0.18
0.5
0.42
0.18
0.6
0.06
0.5
0.46
0.54
0.16
0.48
0.7
0.56
0.803921568627451
0.34
0.08
0.18
0.12
0.06
0.06
0.34
0.82
0.74
0.48
0.54
0.2
0.24
0.42
0.38
0.62
0.06
0.06
0.36
0.76
0.58
0.1
0.2
0.06
0.08
0.16
0.74
0.44
0.54
0.58
0.82
0.1
0.32
0.52
0.86
0.44
0.18
0.08
0.32
0.74
0.3
0.58
0.06
0.48
0.2
0.34
0.14
0.5
0.58
0.5
0.36
