0.84201973152482
0.84201973152482
0.000000742032458855379
0.000000742032458855379
0.84201973152482
0.84201973152482
0.84201973152482
0.842019721512575
0.84201973152482
0.0407823299350624
0.000000742032458855379
0.842018911841733
0.842012535713191
0.0000327722893602785
0.84201973152482
0.000000742032458855379
0.000000742032458855379
0.000000742032979050851
0.84201973152482
0.000000742032458855379
0.84201973152482
0.000000744369355093981
0.84201973152482
0.84201973152482
0.842019731120821
0.000000742032458855379
0.842019731524799
0.84201973152482
0.000000742032458855379
0.000000742032458855379
0.84201973152482
0.84201973152482
0.84201973152482
0.000000742032458855379
0.84201973152482
0.000000742032458855379
0.84201973152482
0.000000742032458855379
0.000000742032458862974
0.000000742032572951645
0.842019731517451
0.840808793510871
0.84201973152482
0.84201973152482
0.84201973152482
0.000000742032458855379
0.84201973152482
0.000000742032458855379
0.842019731524151
0.841998108493879
0.84201973152482
0.000000742032458855379
0.000000742032458855379
0.84201973152482
0.000000742133594174483
0.84201973152482
0.000000742032458855379
0.84201973152482
0.000000742032458855379
0.00000198714242843999
0.00000157331071614212
0.0202848582176596
0.000000742032458855379
0.000000742032458855379
0.000000742032458855379
0.731862325882414
0.00000080970838870738
0.000000742032458855379
0.84201973152482
0.842019731524819
0.000000742032458855379
0.84201973152482
0.84201973152482
0.000000742337802246568
0.000000742032458855379
0.841859928647251
0.000000742032458855379
0.84201973152482
0.84201973152482
0.84201973152482
0.84201973152482
0.84201973152482
0.84201973152482
0.000000742032471085211
0.000000742082245599748
0.000000935689096383318
0.842019709949536
0.00000395246387573514
0.000000742032458855379
0.84201973152482
0.000000820541350659831
0.84201973152482
0.84201973152482
0.84201973152482
0.84201973152482
0.84201973152482
0.000000742032458855379
0.84201973152482
0.84201973152482
0.84201973152482
0.000000742032458855379
0.000000742032458855379
0.84201973152482
0.000000742032458855379
0.000000742032458855379
0.84201973152482
0.84201973152482
0.000000742032458855379
0.000000762021462291582
0.84201973152482
0.84201973152482
0.000000742032458855379
0.000000742032458855379
0.84201973152482
0.841979859249553
0.84201973152482
0.000000742039490297417
0.84201973152482
0.842019715097084
0.000000742032458855379
0.000000742032458855379
0.84201973152482
0.00000239280792551817
0.84201973152482
0.000000742032458855379
0.0000163588617251654
0.842019556797895
0.822357697379048
0.84201973152482
0.000000742032459259605
0.842019731451086
0.84201973152482
0.000000742032458855379
0.84201973152482
0.84201973152482
0.000000742032458888757
0.000000742032458855379
0.84201973152466
0.0000149301723712496
0.000000742032458855379
0.84201973152482
0.000000742032464711207
0.84201973152482
0.84201973152482
0.842019727386021
0.84201973152482
0.000000742032458855379
0.842019731524099
0.000000742032458855379
0.84201973152482
0.000000742032458855379
0.84201973152482
0.000000742032458855379
0.00000140828264507769
0.835331950274745
0.84201973152482
0.000000742032458855379
0.84201817314372
0.000000742032458855379
0.84201973152482
0.000000742032458855379
0.84201973152482
0.000000742032458855379
0.000000742032458855379
0.831733213674603
0.84201973152482
0.842019731524669
0.000000742032458855384
0.000000742032458855379
0.000000742032458855379
0.84201973152482
0.84201973152482
0.84201973152482
0.000000742032458855379
0.842019731521692
0.84201973152482
0.842019731474952
0.842019730964959
0.000000742032458855379
0.000000742032458855379
0.000000742032458855379
0.84201973152482
0.84201973152482
0.84201973152482
0.000000742032458855379
0.84201973152482
0.84201973152482
0.8420197309384
0.000000742032623730352
0.000000742032458855379
0.84201973152482
0.000000834213041941858
0.84201973152482
0.84201973152482
0.84201973152482
0.000000742032458855379
0.84201973152482
0.000000742032458855379
0.84201973152482
0.84201973152482
0.000000742032458855379
0.000000742032458855379
0.000000742032458855379
0.000000817066190469932
0.000000742032458855379
0.0000022880545896271
0.00000114866072292702
0.84201973152482
0.84201973152482
0.842019328430795
0.84201973152482
0.84201973152482
0.000000742032458855451
0.84201973152482
0.000000742032458855379
0.000000742032458855379
0.000000742032458855379
0.000000742032458855379
0.000000742032458943528
0.84201973152482
0.00000180524483307985
0.84201630749346
0.842019731524815
0.841975283964988
0.000000742032458855379
0.000000742032458855563
0.000000742039395328512
0.84201973152482
0.842003384764428
0.84201973152482
0.000000742032458855379
0.000000742032461684589
0.000000742032458855379
0.000000742032458855379
0.842019727929325
0.842019731501763
0.841960153825485
0.000000742032458855379
0.842004380519965
0.000000742032458855379
0.000000742032458855379
0.000000742032458855379
0.000000742032458855379
0.840988401105713
0.84201973152482
0.000000742032458855379
0.84201973152482
0.84201973152482
0.000000742032458855379
0.000000742032458855379
0.000000742032458855379
0.84201973152482
0.000000742032458855379
0.84201973152482
0.842016126422765
0.84201973152482
0.84201973152482
0.84201973152482
0.842018952789526
0.84201973152482
0.000000742032458855379
0.000000742032458855379
0.000000742032458855379
0.84201973152482
0.84201973152482
0.000000742032458855379
0.000000742032540771596
0.000000742033264310901
0.000000742133594174483
0.000000742032458855379
0.84201973152482
0.84201973152482
0.841512886172523
0.000000742032458857399
0.842019731524743
0.841636938624233
0.84201973152482
0.000000742032458855379
0.000000742032458855379
0.000000742032458855379
0.000000742032458855379
0.84201973152482
0.000000742032458855379
0.84201973152482
0.84201973152482
0.000000742032458855379
0.84201973152482
0.000000742032459476107
0.000000742032458855379
0.000000753697236728972
0.84201973152482
0.84201973152482
0.0000909721678088425
0.000000742032458855379
0.0000007560329200263
0.84201973152482
0.000000742032458855379
0.84201973152482
0.84070514356897
0.84201973152482
0.000000742032458855379
0.000000742032458855379
0.84201973152482
0.000000742032458855379
0.84201973152482
0.000000742032458855379
0.000000742032458855379
0.84201973152482
0.000000742032458855379
0.84201973152482
0.84201973152482
0.84201973152482
0.84201973152482
0.84201973152482
0.000000742032458855379
0.000000742032458855379
0.000000742032458855379
0.000000742032458855379
0.000000742032458855379
0.18006529148683
0.84201973152482
0.84201973152482
0.842019731238262
0.84201973152482
0.000000742034457715232
0.84201973152482
0.000000742032458855379
0.000000742032458855379
0.84201973152482
0.000000742032458855379
0.84201973152482
0.842019731524817
0.000000780239278731285
0.000000742032458855379
0.000000742032458855379
0.000000742032458855379
0.000000742032458855379
0.84201973152482
0.84201973152482
0.84201817319646
0.000000742032458855379
0.000000742060223798057
0.84201973152482
0.84201973152482
0.000000742032458855379
0.000000742032458855379
0.842019730016708
0.84201973152482
0.842019731522949
0.000000742032458855379
0.000000966981665107
0.84201973152482
0.000000742032458855379
0.000000742032458855379
0.000000742032458855379
0.838453295312263
0.000000742032458855384
0.84201973152482
0.000000742032458855379
0.00000113720957554489
0.000000742032458855379
0.000000742032458855379
0.84201973152482
0.84201973152482
0.84201973152482
0.842019731524819
0.84201973152482
0.000000742032458855379
0.000000742032458855379
0.84201973152482
0.000000742032458855379
0.000000743445195361415
0.84201973152482
0.000000742036057072626
0.000000742032458855379
0.84201973152482
0.000000742032533344237
0.84201973152482
0.84201973152482
0.84201973152482
0.000000742032458855379
0.84201973152482
0.842019729755721
0.84201973152482
0.000000742032458855413
0.000000762021462291582
0.000000742032458855379
0.000000742032458855379
0.000000742032458855379
0.84201973152482
0.207566737494593
0.000000742032458855379
0.000000742032458855379
0.000000742032458855379
0.842019731520187
0.000000809133222386681
0.84201973152482
0.84201973152482
0.84201973152482
0.000000742032458855379
0.84201973152482
0.000000742032458855379
0.00000076279792587507
0.000000742032458855379
0.000000742133594174483
0.000000742032458855379
0.842019731519838
0.000000742032458857129
0.84201973152482
0.000000742032458855379
0.84201973152482
0.000000824471718114812
0.84201973152482
0.000000742032458855379
0.84201973152482
0.000000742032458855379
0.84201973152482
0.000000742032458855379
0.000000742032458855408
0.84201973152482
0.000000742032458855379
0.842019731520386
0.000000742032458855379
0.84201973152482
0.000000742032458855379
0.842019731524818
0.000000742032458855379
0.84201973152482
0.84201973152482
0.842019713396042
0.000000742032458855379
0.0000331813951672819
0.000000743938825320412
0.000000742032458855379
0.000000742032458855379
0.000000742032458855379
0.84201973152482
0.84201973152482
0.000000851983592479304
0.84201973152482
0.000000742032458855379
0.000000742033085139449
0.000000742032458855379
0.84201973152482
0.842015733567174
0.000000742032458855379
0.000000742032459733004
0.842019731524817
0.84201973152482
0.84201973152482
0.00000217177727202063
0.000000742032458855379
0.000000770613381964933
0.000000742032458855379
0.000000742032458855379
0.84201973152482
0.842019708896737
0.842019731177216
0.84201973152482
0.84201973152482
0.000000742032458855392
0.0168825869697364
0.000000742032458855379
0.84201973152482
0.000000742032458855379
0.762732472908587
0.00000592820861937615
0.84201973152482
0.84201973152482
0.000000742032458855379
0.84201973152482
0.000000742032458855379
0.84201973152482
0.000000742032484976449
0.84201973152482
0.842019730202727
0.000000742032458855379
0.84201973152482
0.84201973152482
0.000000742032458855379
