0.906
0.962
0.056
0.03
0.264
0.324
0.618
0.522
0.152
0.176
0.162
0.994
0.416
0.044
0.902
0
0.018
0.032
0.878
0.05
0.822
0.742
0.002
0.962
0.042
0.018
0.866
0.98
0.048
0.47
0.03
0.422
0.938
0.14
0.046
0.002
0.99
0.268
0.006
0.26
0.85
0.132
0.974
0.196
0.97
0.014
0.888
0.002
0.58
0.928
0.014
0.044
0.008
0.026
0.208
0.268
0.154
0.652
0.374
0.334
0.086
0.02
0
0
0.06
0.772
0.52
0.162
0.804
0.91
0
0.946
0.944
0.378
0.062
0.8
0.16
0.898
0.982
0.812
0.926
0.99
0.648
0.334
0.036
0.032
0.686
0.002
0
0.286
0.136
0.588
0.942
0.844
0.876
0.734
0.044
0.096
0.944
0.932
0.482
0.05
0.97
0.002
0.016
0.494
0.5
0.112
0.002
0.266
0.98
0.268
0.084
0.948
0.588
0.952
0.028
0.334
0.806
0.168
0.278
0.878
0.07
0.578
0.1
0.134
0.208
0.296
0.37
0.028
0.88
0.346
0.458
0.308
0.36
0.14
0.046
0.828
0.066
0.03
0.992
0.14
0.106
0.94
0.34
0.986
0.132
0.922
0.118
0.898
0.028
0.966
0.102
0.014
0.518
0.95
0.002
0.816
0.09
0.916
0.176
0.972
0.258
0.006
0.466
0.948
0.46
0.048
0.138
0.114
0.824
0.962
0.938
0.084
0.072
0.27
0.386
0.54
0
0.002
0
0.474
0.92
0.35
0
0.928
0.878
0.662
0.028
0.176
0.102
0.08
0.512
0.908
0.464
0
0.936
0.198
0.916
0.988
0
0.264
0.05
0.084
0.016
0.88
0.002
0.752
0.926
0.424
0.8
0.842
0.338
0.966
0
0
0.112
0.108
0.028
0.608
0.028
0.124
0.534
0.292
0.122
0.782
0.006
0.934
0.88
0.824
0.02
0.136
0.068
0.064
0.444
0.592
0.232
0.02
0.704
0.116
0.05
0.054
0.124
0.814
0.268
0.082
0.744
0.99
0.028
0.074
0.038
0.994
0.38
0.96
0.472
0.958
0.86
0.772
0.966
0.98
0.01
0.002
0.036
0.78
0.832
0.19
0.076
0.772
0.208
0.502
0.912
0.854
0.142
0.082
0.718
0.806
0.922
0.128
0.15
0.084
0
0.848
0.038
0.964
0.28
0.034
0.054
0.248
0.006
0.08
0.998
0.918
0.006
0.062
0.002
0.992
0.044
0.228
0.642
0.87
0.088
0.17
0.948
0.07
0.12
0.116
0.162
0.832
0.022
0.03
0.844
0.986
0.988
0.938
0.022
0.606
0.056
0.052
0
0.008
0.962
0.976
0.61
0.838
0.674
0.968
0.144
0.072
0.982
0.16
0.99
0.966
0.076
0.038
0.046
0.12
0.506
0.836
0.076
0.716
0.01
0.04
0.224
0.926
0.028
0.018
0.202
0.984
0.946
0.032
0.032
0.29
0.138
0.024
0.174
0.588
0.212
0.97
0.274
0.12
0.158
0.076
0.292
0.986
0.968
0.616
0.856
0.002
0.024
0.866
0.01
0.09
0.076
0.242
0.446
0.292
0.04
0.956
0.93
0.912
0.002
0.792
0.86
0.992
0.016
0.002
0.008
0.006
0
0.274
0.258
0.07
0.052
0.1
0.266
0.2
0.814
0.192
0.864
0
0.97
0
0.112
0.47
0.208
0
0.546
0.302
0.05
0.058
0.764
0.164
0.872
0
0.994
0
0.932
0.074
0.046
0.774
0.22
0.824
0.076
0.92
0.202
0.622
0.086
0.898
0.978
0.242
0.01
0.312
0.112
0
0.148
0.012
0.996
0.088
0.078
0.536
0.08
0.074
0.026
0.878
0.118
0.064
0.068
0.648
0.984
0.75
0.092
0.128
0.002
0.006
0.13
0.998
0.736
0.15
0.908
0.992
0.034
0.42
0.058
0.808
0.05
0.148
0.084
0.84
0.92
0.02
0.994
0.006
0.896
0.228
0.792
0.204
0.066
0.954
0.858
0.012
