0.72207396677196
1
0
0
0
0.728086537099697
0.722285717211665
0
0
0
0
0.722285717211665
0
0
0.741001570356811
0
0
0
0.729298179125786
0
1
0.728895504031914
0
1
0
0
0.795798323909893
0.886289193295654
0
0.722285717211665
0
0.728895504031914
0.838609700517676
0
0
0
1
0
0
0
0.801308261479758
0
1
0
1
0
1
0
0
0.843461454975299
0
0
0
0
0.722285717211665
0
0
0
0
0
0
0
0
0
0
0.728895504031914
0
0
0.261217950614271
0.795798323909893
0
0.886289193295654
1
0
0
0.795798323909893
0
1
1
0.678720447512903
0.801308261479758
0.843461454975299
0.722285717211665
0
0
0
0.728895504031914
0
0
0
0
0
0.801308261479758
0.838609700517676
0.72207396677196
0.728086537099697
0
0
1
1
0.722285717211665
0
0.840509818936591
0
0
0.728895504031914
1
0.722285717211665
0
0
1
0
0
0.722285717211665
0.722285717211665
0.86658126241093
0
0.722285717211665
0
0.705929810407422
0
1
0
0.722285717211665
0
0
0
0
0.722285717211665
0
0.801308261479758
0
0
0
0
0
0
0
0
0
1
0
0
1
0
1
0
0.842650551889222
0
0.842650551889222
0
0.842650551889222
0
0
0.722285717211665
1
0
0.72207396677196
0
1
0
1
0
0
0.705929810407422
1
0
0
0
0
0.795798323909893
1
0.729298179125786
0
0
0
0.795798323909893
0
0
0
0
0
1
0
0
0.870030309703522
0.72207396677196
0.795798323909893
0
0.722285717211665
0
0
0
1
0
0
0.800656277429248
0
1
0.886289193295654
0
0
0
0
0
0.722285717211665
0
1
0.72207396677196
0
1
1
0
1
0
0
0
0
0
1
0
0
0
0
0
0
0
0.728895504031914
0.728895504031914
1
0
0
0
0
0.795798323909893
0
0
0
0.72207396677196
0
0
0
0
0.795798323909893
0
0
0
1
0
0
0
1
1
0.79078174423859
0
0.722285717211665
0.729298179125786
0.729298179125786
0.722285717211665
1
0
0
0
1
0
0
0
1
0.722285717211665
0.722285717211665
0
1
0
0
0
0.72207396677196
0.800656277429248
0
0
0
0
1
0
0.842650551889222
0
0
0
0.782647584973166
0
0
1
1
0
0
0
0.878073256397391
0
0
0
1
0
0
1
0
0
0
0
0.800656277429248
0
0
1
0.801308261479758
1
0.729298179125786
0
0.795798323909893
0
0
0
0
1
0.782647584973166
1
0.722285717211665
0.729298179125786
1
0
0
0.86658126241093
0
1
1
0
0
0
0
0.722285717211665
0.722285717211665
0
0.72207396677196
0
0
0
0.800656277429248
0
0
0.728086537099697
1
0.857170846394984
0
0
0
0
0
0
0
0
0.840509818936591
0.729298179125786
0
0
0
0
1
1
0.801308261479758
0.728895504031914
0
0
1
0
0
0
0
0.800656277429248
0.209940018767812
0
0.800656277429248
1
1
0
1
0.728895504031914
0.886289193295654
0
0
0
0
0
0
0
0
0
0
0
0.705929810407422
1
0.722285717211665
1
0
0.840509818936591
0
0
0.722285717211665
0.722285717211665
0
0
0
0
0
1
0
0.800656277429248
0
1
0
1
0
0
0.722285717211665
0
0.801308261479758
0
0.801308261479758
0.705929810407422
0
0
0.72207396677196
1
0
0
0
0
0
0
0
1
0
0
0
0
0
0
1
0
0
0
0.728086537099697
1
0
0
0
0
0
0
1
0.722285717211665
0
0.843461454975299
0.886289193295654
0
0.209262437303515
0
0.722285717211665
0
0
0
1
1
0
1
0
1
0
0.729298179125786
0
0
1
1
0
