0.542826497061811
0.807405595290268
0.0098981925259292
0.00355018568913269
0.188646773418657
0.549011065753913
0.332242739908391
0.758678155240122
0.075312488927987
0.544726839698446
0.183555762198138
0.728032500511595
0.262752145721621
0.167239975433491
0.99959195094228
0.00973168411500053
0.0000339029802638461
0.0719654718402399
0.857472482588114
0.0000329758685453038
0.999997134834385
0.771757522045429
0.0524813237092376
0.948925199178753
0.118302750946133
0.0171686100096893
0.968938172156482
0.997770908073118
0.00281798574369309
0.384364421287334
0.176228269582939
0.837670705098801
0.589886884922135
0.00000000110289774923407
0.0109981311083797
0.0275804765395081
0.998689171395922
0.328590137454329
0.0610172168726468
0.795646063151343
0.788345246504346
0.218245076759712
0.999996076592496
0.226949308752822
0.952356334823974
0.0000620773819501533
0.962756194072649
0.00000996350595431017
0.984906507364861
0.84966519402175
0.0584920666024636
0.00000000185052846223124
0.0147367749016016
0.0674696498361837
0.303985316778018
0.302582476990117
0.190224326050881
0.626409750397065
0.176084470768527
0.329160213576945
0.156371598785365
0.166876531224781
0.0157079121984234
0.0309500020502901
0.00000487614311745639
0.33755314301904
0.465706643436228
0.281547582384493
0.952555336305506
0.9845838446292
0.00973168411500053
0.999886374670803
0.787864543236144
0.372344625716214
0.00000996336306210553
0.452862123946689
0.179730456347146
0.992881597987618
0.925417447830178
0.999999855168441
0.766716510821944
0.997681729078303
0.728415203754999
0.251086787567068
0.101124843593156
0.136651899258619
0.202160598325498
0.153879068564212
0.000000000840980782801046
0.141526209317068
0.250050966941654
0.428861288060734
0.96452605004701
0.956782863715193
0.441869600986999
0.99814515118667
0.00283074507342692
0.0617857923356343
0.995820764037757
0.995864175946095
0.210624517023875
0.178649856484169
0.99978922217049
0.0233543354267195
0.000000254762569624414
0.217977272087507
0.661585019100516
0.000000000260623104002074
0.151900691221275
0.038849586467336
0.999999999999889
0.229455979748823
0.190773764646093
0.95535166549904
0.391009377760435
0.998307960297065
0.248076437945186
0.378301702190664
0.667754032977778
0.00772800952562553
0.673203738209675
0.998820194654722
0.194893731705625
0.90037624318661
0.17711989613796
0.504879326323512
0.793411377471107
0.264605702432559
0.196233754071904
0.0320940995284265
0.978137035788673
0.227546278612593
0.108258035139319
0.187683850886822
0.087479562631587
0.299610780550401
0.175108402110613
0.646470962181569
0.397084412876912
0.000106145667317327
0.99872940925421
0.393572988799871
0.124405646826512
0.994506184358066
0.308628277390061
0.918001167459743
0.277489324573338
0.917633903373227
0.108530202357606
0.717556386449673
0.0310940627208586
0.98324488176906
0.0478249992024624
0.205855884474351
0.138269188952379
0.996953381873642
0.0233543354267195
0.811754617969566
0.0347552907317638
0.949819751255411
0.0895360076416127
0.971652842658548
0.0751153309573408
0.0450376670884355
0.871768593324615
0.999598251324592
0.845754896444481
0.140908966721365
0.088727194112421
0.00519892666321865
0.848594686323248
0.99370558879911
0.997957236430052
0.0000318015624652942
0.0191976010846285
0.660607546151306
0.314532339176932
0.712133004973339
0.00973168411500053
0.0233543354267195
0.000000000133337288125589
0.260970325573606
0.782472883257015
0.0336353112777006
0.011931331806819
0.999910061609661
0.5827578359236
0.689833607609436
0.0733668829284245
0.00972606282006378
0.165935256879016
0.152172753828987
0.382723026573801
0.999989963393815
0.340538394790124
0.000000000133337288125589
0.782994568739845
0.253778502798887
0.996847391976816
0.984920752647363
0.0463877006949643
0.0160959025851438
0.0471458873607491
0.0966682407830433
0.000247693663341821
0.389256533477746
0.153217277716214
0.984475767707941
0.503786781360449
0.212214719074509
0.987219295725764
0.995575106805606
0.227384982469211
0.942046660432393
0.00973168411500053
0.0511988691111557
0.17999164146447
0.100389394304908
0.0723926774555025
0.661530288392294
0.188926715925227
0.120246626914391
0.499602301169924
0.401474959090414
0.0515064924118827
0.36693296732906
0.0701999026800417
0.992989500709891
0.314287423324223
0.99965835852175
0.0158069870345618
0.556388304985305
0.0000285437724496884
0.00486318116720427
0.999974301574957
0.415223612300824
0.268320882930243
0.0000000151223809171949
0.855106438759082
0.00310566295746224
0.0487168706542505
0.00000125098652987379
0.120439464852763
0.370980253762109
0.0382102460578332
0.063372761008182
0.606992460837294
0.999984454666602
0.000600204901350023
0.00134863807860633
0.000836374981443186
0.99996788602213
0.00000834914173481549
0.990296990028143
0.249808179677763
0.976197070891008
0.988465013037645
0.659135841397284
0.727683281517147
0.999885430932599
0.00238753870830162
0.0000206486487713402
0.000115216230716603
0.999920090284383
0.441404709240015
0.601619671991538
0.0470669595241238
0.922467603682186
0.303985316778018
0.337630710507646
0.752705254947093
0.937904999237402
0.326593794688554
0.0400885022725126
0.437872717466058
0.938379320617646
0.997199565933673
0.129506452137076
0.0357173406502241
0.0162618998532556
0.00000000612807351934357
0.866620042186399
0.00104375882514851
0.999773973027521
0.129865677915133
0.000447535445237235
0.0742820818959422
0.200539299680989
0.00479916135389541
0.108782273919562
0.923205088644888
0.997504701835923
0.15120575471837
0.0539152733048004
0.151854268466931
0.982461205276229
0.00000567060012268133
0.0156264455502093
0.452260052880679
0.868326428815756
0.00640122796450939
0.100692824543591
0.996316657305958
0.0564754154339853
0.27333819317088
0.000900943757258769
0.195002403302821
0.95132163205974
0.00161827507275328
0.0773600507908093
0.859321682295919
0.838349949736134
0.996447073557236
0.997963598438578
0.00269258666948304
0.563646431902604
0.00287372380425489
0.00477773529946035
0.00000000381199452354701
0.203105736218374
0.978601596970531
0.644342746569817
0.984554156729849
0.980308193840158
0.997944044653849
0.999965121658364
0.206330889178381
0.000119269763593689
0.863792790732472
0.000397581459082819
0.999989176925161
0.999978254060572
0.154219899448681
0.0000000000121759083672821
0.0532071396821547
0.00270164338660969
0.0273809197267403
0.99999826190183
0.0212182961678452
0.862097954294971
0.0161613024727894
0.162520006578634
0.125871976700083
0.923654892238417
0.0319231648323642
0.001138150212882
0.0260179725638816
0.998050741846598
0.973984528116397
0.0534404453032955
0.109905847470559
0.114110442169411
0.107858383354222
0.000193488830365445
0.168232816879326
0.777469420898128
0.999996579322723
0.99978922217049
0.0544781460682992
0.13414695724912
0.00930150578356673
0.0510192577825352
0.246818668543331
0.970123080098115
0.999934118220037
0.428845005472881
0.797422392356815
0.000210658999413002
0.000421571836762825
0.833785248485991
0.0598753794839882
0.364392775339861
0.00418670290004475
0.0138438893056542
0.0216621040221536
0.32842622590615
0.120484446078492
0.994638508492525
0.718406127300538
0.999991439249286
0.0751515313602549
0.981387927627525
0.851431816877069
0.998108092493633
0.0298912195109859
0.151900691221275
0.00000516195216755037
0.00479916135389541
0.00973168411500053
0.0392750635141007
0.239714687597289
0.0460266909841442
0.0000102272380331254
0.0285184143514042
0.183291564992924
0.0099054118283363
0.999999985781908
0.0917499332526158
0.82322675411982
0.00973168411500053
0.99978922217049
0.0452212847860407
0.0890117631287623
0.384364421287334
0.303985316778018
0.00973168411500053
0.512838120683422
0.718786606013227
0.094518097642736
0.00375527718501503
0.995862030006138
0.484248590093534
0.999281915169186
0.018837034524193
0.996382440870565
0.000000000133337288125589
0.993115908322975
0.000236270968589371
0.133920430621101
0.39342497117068
0.100760972800972
0.816676922299144
0.00100058896606394
0.999724207843397
0.201413219457021
0.680051352328337
0.000026650742051092
0.651478608430772
0.999822658715329
0.368219648733999
0.00000149364387007039
0.0963270997820221
0.229983288689144
0.00141631676676913
0.000120278957570969
0.0000794081454627748
0.983882685514867
0.00245990026324928
0.070847386557858
0.383939780906941
0.121818752534028
0.148843440593538
0.000538165306403971
0.901934230589823
0.00335386540531206
0.169663741225316
0.13705981443035
0.99079127591474
0.890347138783724
0.607235761418048
0.438106643035315
0.429314088977701
0.151947125624855
0.00068846278534584
0.313282456153121
0.886369046216339
0.877118996777553
0.177807260456678
0.876965081033313
0.996520430051224
0.265232975261698
0.398100310029743
0.0422055377712204
0.871631989358713
0.107141135297997
0.2928961124572
0.350940668803668
0.999907752981985
0.699548420812207
0.0502694244525254
0.999669654470136
0.00479916135389541
0.937756820317748
0.0272188221446074
0.999984420547138
0.881565546630566
0.0518419196011481
0.993765609378707
0.979408640539557
0.0000255512177833644
