0.922116992119266
0.996867832976232
0.00738404793831571
0.00705542014270977
0.340444548009199
0.706345635605676
0.255534326890022
0.306160431480893
0.0322810063851015
0.0543890786525706
0.213605952694867
0.961713742958231
0.648211742333396
0.160998626138632
0.320840749018179
0.0214179304048413
0.267736969389053
0.0569263286153521
0.964863687931587
0.316623679237161
0.49678370198649
0.403024120820989
0.0109353883293606
0.963358926865277
0.0060768567674554
0.0136576647424846
0.627947947372606
0.791742926969058
0.0690410292368159
0.112218954323618
0.0421334661839421
0.320778424461455
0.793861113110124
0.320778599993049
0.00263725157855055
0.0223363175207374
0.594372836579204
0.320778599057557
0.00751375880115956
0.494040743189065
0.964450104700645
0.118746262925526
0.533656568066002
0.211939333999823
0.966995762138954
0.0232655131953969
0.998058165811333
0.0489853107817269
0.32947295804031
0.322308636159646
0.0239795623502426
0.285158839249203
0.0577884996305956
0.0264256057930341
0.0416239933551705
0.0257493307039249
0.228561567122089
0.966959123898767
0.158785923651147
0.213309220187164
0.0427462198310996
0.0415695211697895
0.0142623003537614
0.00345170831929287
0.00172431355020908
0.807277218658148
0.0851198293205738
0.146074158663719
0.959369362926557
0.276398916770108
0.0214179304048413
0.478899401812702
0.960265450089732
0.279138858668354
0.321629553335903
0.425721072703573
0.206139007192342
0.990998687372236
0.383260087790682
0.322989892247475
0.992120296540414
0.961184401981785
0.866203524125895
0.358118941181989
0.0300820640897262
0.0168335556303175
0.497969643505386
0.042040852811376
0.0392404470856527
0.177930412113186
0.0223092824334902
0.436144031596242
0.932319567854407
0.912592159912828
0.885451001647037
0.406312219259648
0.0587298873682235
0.0340316105905927
0.986584323571229
0.796805187844321
0.110691838939633
0.0384751812907551
0.49873595389105
0.0416032342429474
0.0638578293483723
0.403408414732944
0.353328033365714
0.320615456700629
0.0414627438996029
0.0169341855309758
0.325303021656572
0.445084212119347
0.0177778763098984
0.966660297222541
0.156881322583752
0.992249969677082
0.640530665032553
0.0730255257492154
0.956357145729959
0.221012764422846
0.968360516738275
0.970207291112492
0.0313448370805954
0.334873134490824
0.0350589750656087
0.835693007363657
0.907511136386239
0.0663695762868595
0.320778599994589
0.134901329318549
0.615217148532935
0.309299763294842
0.725417097767751
0.359826622756381
0.0701315049466116
0.630161306334875
0.0288564190897211
0.960493446457655
0.31151569526143
0.0827294331668526
0.915300978794454
0.320776278833405
0.27441148061727
0.831116729296758
0.167470159602204
0.960433676121977
0.26815695508572
0.980690479263704
0.32077859915923
0.978485749483482
0.109184801495897
0.997254824000266
0.00872698133585825
0.0566624236640629
0.0369287298268478
0.95655145628601
0.0416032342429474
0.966034539109941
0.0374230776430994
0.981591505932015
0.0934617746559067
0.596996404301184
0.303590972432269
0.00331875470584386
0.404300978676468
0.99670307196329
0.915972082728681
0.0225304932490941
0.250954391895615
0.0356706058793022
0.953715360712881
0.976511309457655
0.771195502451018
0.0469998321248654
0.0035778713226905
0.0619938266983441
0.183341544492905
0.728721352569654
0.0214179304048413
0.0416032342429474
0.0416312181371524
0.934957111331001
0.993130509809314
0.112862371206174
0.144293211676593
0.320765550145979
0.927428830395772
0.955664951928579
0.00622468109008711
0.235523855706798
0.0602163844818661
0.0311160091798643
0.226581074119344
0.838228873425882
0.552735318822616
0.0416312181371524
0.59518293141309
0.288095688368267
0.460345983624711
0.937860645534406
0.0100753427946002
0.0465864702738763
0.00102917893734333
0.0198621129974307
0.00688470440176325
0.799987494358027
0.0418413508027206
0.949353071890023
0.866565436022475
0.181156185788563
0.647290705396989
0.822959216592335
0.25847938290949
0.94081712542525
0.0214179304048413
0.320778599993049
0.0413248000241409
0.00810002219155703
0.00174411647629902
0.172483468300771
0.0245505026452886
0.314701886010887
0.928201064034982
0.834104770833074
0.0129382011648413
0.391913799275932
0.011846662848306
0.770352386852529
0.958950075684303
0.321196104455276
0.0411161370652262
0.321346834043835
0.320088276628079
0.0708260295729715
0.320778615526935
0.736911511071958
0.217273130769263
0.320778599993049
0.898539795068042
0.207504546580723
0.0161228143825961
0.0659903834827963
0.0323793158800448
0.67364951621043
0.00513774961578128
0.00519804771077692
0.981842099312348
0.974518050526468
0.0873179798737853
0.0131647529023174
0.0115433831139174
0.948986261921991
0.315307223224199
0.981683040289824
0.362559125200649
0.925567646447628
0.960506302322647
0.908009107951083
0.961514282563962
0.956911781261623
0.023484678643711
0.226876716490294
0.320779479134495
0.825262980607019
0.920249792464957
0.165227195005007
0.0227526142419928
0.417379873346934
0.0416239933551705
0.108280229840225
0.95174752540234
0.831087709545953
0.137644706841216
0.0088621142520201
0.492298514837781
0.847978681908004
0.493314649441901
0.1857147953562
0.0470125276758052
0.13243089070111
0.320440862039285
0.912797708596364
0.00207151358576307
0.838090988898849
0.0784003580249061
0.000877799671667234
0.0279700768488519
0.250578108207628
0.0416300708423922
0.0634902281310481
0.999180072077018
0.9962293248552
0.0343017305366672
0.0630521378692385
0.0414149074760083
0.971654756156231
0.130890078074926
0.00230668506418819
0.279308065001864
0.423995470907709
0.315102184140579
0.0895734751428733
0.993347324312932
0.320778599993049
0.547559833342298
0.00254126827866552
0.027580985118185
0.995795175507607
0.00023930190045296
0.0400707676194794
0.646346711868095
0.996957516536304
0.91697506746506
0.771113071853881
0.318098958546985
0.478280656301041
0.00335425463159089
0.0607677307538346
0.0424160415600113
0.11552543402003
0.977702672115291
0.98542311387809
0.990860635774357
0.449555531161048
0.326499656131279
0.331825095735248
0.225816636386474
0.320689869908161
0.660747743634254
0.317351376728861
0.96817203917147
0.32077859890822
0.0419414058573069
0.0416085159738195
0.563310131559862
0.00306574044367991
0.172785132305403
0.321943103199571
0.0144009574670964
0.882698872601071
0.00486566395351595
0.00621411634731683
0.106017772733656
0.95696258682053
0.0190657621252862
0.000907042514598277
0.00599139040541918
0.948610684031967
0.868601545878813
0.0110810238824378
0.198925007935019
0.0695693425638241
0.19043306887719
0.223312637366891
0.461057590254676
0.696910644528655
0.320778599993061
0.49873595389105
0.0276796987720253
0.0458990590138743
0.0259328583665603
0.00598658160008025
0.143158095404853
0.98314763871906
0.541457511134434
0.773984836683058
0.496509312839903
0.271856497994503
0.244383244440677
0.614368167054951
0.0108718272673985
0.174021437143187
0.212047231256363
0.00588491337301267
0.0295813563951723
0.227215265687878
0.00238081392356848
0.960493040280439
0.970348383706979
0.477813145408749
0.00324467850587262
0.886404200149439
0.959830720539505
0.928183910319739
0.0635553993200612
0.0414627438996029
0.0548059822083592
0.0416300708423922
0.0214179304048413
0.0542818491200805
0.22603824302552
0.0677193491034084
0.110018906713807
0.422814935184544
0.332689292967776
0.00340056697127089
0.444430931464666
0.299408442698365
0.998481374340978
0.0214179304048413
0.49873595389105
0.275289929312199
0.262145361500403
0.112218954323618
0.0416239933551705
0.0214179304048413
0.920699170936357
0.579009066904598
0.0379776751875239
0.312043306452452
0.935828220483902
0.296204071917182
0.864928740981232
0.0359745332061336
0.999087258417041
0.0416312181371524
0.790236468511381
0.231459278025453
0.0318794727893056
0.580264028780302
0.274917858978484
0.956126450263443
0.0201433063935438
0.370634500967978
0.207410258368595
0.878625672279265
0.086354566824433
0.972293870775554
0.390448141288687
0.546875375079153
0.320778599993049
0.263277699343615
0.063374569222567
0.114663803215919
0.0404246111793844
0.0471133792498304
0.97884217464397
0.268109121693377
0.0287741281709364
0.400441627211154
0.290300722489394
0.0335222534864066
0.00415639059740092
0.9136089734541
0.00260219802639006
0.281300095429086
0.00673774247598469
0.822969169763621
0.988937452255703
0.982153894094245
0.152976751438155
0.227380496125922
0.0415106720278993
0.00784830765324951
0.490455369346802
0.996338264718754
0.384904280689292
0.514642454201171
0.958307635378363
0.94776687755022
0.272198618137266
0.280779019992296
0.0480209994202676
0.643375795187087
0.0338208273716905
0.0596814344243571
0.0754565447104515
0.93880706535138
0.969499510701974
0.010474533541723
0.948261848106798
0.0416300708423922
0.905277226175574
0.023138646006826
0.321644187517527
0.590473261980698
0.0418674348645552
0.320778599993049
0.952861876152871
0.071152862748133
