0.140252624078537,0.0366666666666667,0.0761951255124868,0.147570143185168,0.107298437878474,0.0777880695038687,0.150183143205437,0,0.125,0.0164154490455072,0.0503938856542302
0.0947254045020165,0.0806666666666667,0.143570835726723,0.115892204447923,0.114043047322355,0.0777892903745841,0.150183143205437,0,0.075,0.00151341975816823,0.0358872637168247
0.117556931414979,0.0506666666666667,0.119195913836918,0.113668243181429,0.0931160920862918,0.0780910638651744,0.0362919133276701,0,0.05,0.000948822669648735,0.0473023030777655
0.058831107811158,0.024,0.0578104380438516,0.0752760694249104,0.0748305620639961,0.0777871119453382,0.0362919133276701,0,0.05,0.00137448936990194,0.0137717761095967
0.153868254231688,0.058,0.140311699773422,0.131925288531595,0.0923104564901778,0.0777871298230514,0.150183143205437,0,0.125,0.00606156152184388,0.0765042093315098
0.0495883232953332,0.0526666666666667,0.0614771032814653,0.0832704570554148,0.0748687268159259,0.0777871118903313,0.0362919133276701,0,0.075,0.00180429154106115,0.0116032643336278
0.95351365922506,0.94,0.921466746166769,0.877065890632638,0.97298800860797,0.814480233167037,0.950690333772874,1,0.775,0.999999710340013,0.989689334450252
0.57381111357428,0.566,0.699875136769414,0.520948039821093,0.357813126199948,0.814480233166629,0.671794869471819,0,0.6,0.752585887880704,0.632881516044916
0.23396125542969,0.372666666666667,0.372944985231883,0.288063701344125,0.198761173205265,0.0777895817102047,0.150183143205437,0,0.292682926829268,0.0658165691978534,0.135830404259912
0.0961746679366352,0.0286666666666667,0.0823731105823906,0.10129420167897,0.0481503019919109,0.0777871351764273,0.0362919133276701,0,0.05,0.00776487520717209,0.0398398368354213
0.0839260000131087,0.036,0.0712551773221808,0.149411230709356,0.051504191127274,0.0777871517163533,0.0362919133276701,0,0.1,0.0179184413969477,0.0278552779932519
0.113308051636193,0.07,0.133855038847676,0.125638348137176,0.104003651767606,0.0778210928455119,0.0362919133276701,0,0.05,0.0119170069509819,0.0352082821031513
0.0730156304404062,0.109333333333333,0.104473424166783,0.183638844172554,0.128171935976063,0.0777871118927886,0.150183143205437,0,0.15,0.000298189397074851,0.0211306483157207
0.851428052030711,0.704666666666667,0.792059705885123,0.656122572276066,0.724407653343043,0.814480233167036,0.950690333772874,1,0.65,0.996516811858688,0.930401615257476
0.643117726013503,0.311333333333333,0.42869754476601,0.540602602915139,0.412991728078935,0.814480233130709,0.0717948730480976,0.728006459018264,0.525,0.943319135916734,0.70688937910946
0.262872288462473,0.302666666666667,0.33112917380859,0.250995222982882,0.157460477237565,0.0777881777498303,0.150183143205437,0,0.15,0.0147784284335508,0.171083205321894
0.0761034734918092,0.152666666666667,0.111745159818262,0.101992846355601,0.0900059881955417,0.0777871118944303,0.0362919133276701,0,0.05,0.00128912914409974,0.0322561885977761
0.494113392582085,0.559333333333333,0.480860016354761,0.600838092198788,0.698761619359378,0.814479947969458,0.950690333772874,1,0.55,0.924724309836842,0.565048803029697
0.020456183256275,0.0986666666666667,0.0580780285943339,0.109277277219982,0.112865799244054,0.0777871118898893,0.0362919133276701,0,0.025,0.000101045011616621,0.00508619569126864
0.102034380872443,0.0546666666666667,0.151897822265981,0.10487749445961,0.0996967548349564,0.0777871125408377,0.0362919133276701,0,0.075,0.00315147915005874,0.0515925236843907
0.801598446503364,0.846,0.769562603796669,0.764338871637693,0.831193402302521,0.814480233167034,0.339743589170468,0,0.725,0.988926644850475,0.896683179177975
0.0971760684176477,0.062,0.147883911893714,0.112684197064272,0.080680473625533,0.0777984631846282,0.0362919133276701,0,0.075,0.00620402344695009,0.0251414470394004
0.0666692563104006,0.00733333333333333,0.0602242394579078,0.0907462012961127,0.0746906107858663,0.0777871118900315,0.0362919133276701,0,0.075,0.00139690963702339,0.0276230644478737
0.240389718576195,0.110666666666667,0.144568333128382,0.258370725359179,0.193250001002133,0.0783909009651863,0.150183143205437,0,0.25,0.0486919360158666,0.105204901183028
0.692007445102558,0.652,0.537579089506876,0.618603158945663,0.657226598213932,0.814480232995949,0.87863247568536,0.721026488194185,0.7,0.917354157875205,0.77256973905877
0.462357559492673,0.281333333333333,0.186684276066648,0.462554386364739,0.271008736091438,0.814479759692958,0.589743589170468,1,0.463414634146341,0.999603492828851,0.308113785416774
0.344112170239187,0.316,0.412759976749854,0.35095709065785,0.0816675303405046,0.791278539444628,0.150183143205437,0,0.35,0.451142964710589,0.201002800152519
0.0653777582119663,0.141333333333333,0.0792192379302293,0.110178857449113,0.101947525267216,0.0777871166817157,0.150183143205437,0,0.075,0.000619713834070352,0.0178503309614125
0.13531343699918,0.137333333333333,0.24040735793281,0.141051031485144,0.126059399246749,0.0777871570237797,0.150183143205437,0,0.125,0.00513430247546743,0.0475241278516858
0.890655903211146,0.917333333333333,0.89618576458386,0.829418210593824,0.86401415829107,0.814480233167037,0.87863247568536,0.851476424015273,0.775,0.999303232665407,0.953485049212235
0.94904625606255,0.966666666666667,0.937512982615379,0.836831071963856,0.899102405303491,0.814480233167037,0.87863247568536,0.851476424015273,0.775,0.999988482375984,0.98656467384359
0.0241243740328473,0.074,0.0547298290675189,0.0991024308638537,0.163643894820536,0.0777871118922155,0.0362919133276701,0,0.075,0.000164438436260842,0.00410671826784321
0.00905553653933723,0.129333333333333,0.0465657845916817,0.148601778720995,0.215103421144013,0.0777871118898893,0.0362919133276701,0,0.05,0.0000023523995292817,0.00155689220501015
0.0551419780660303,0.046,0.069017279217389,0.100735760903142,0.0981055372195366,0.0777871122745163,0.0362919133276701,0,0.1,0.00388104473115528,0.0113757353857029
0.945705345943592,0.976,0.952532895252278,0.866193683095922,0.950355580218513,0.814480233167037,0.950690333772874,1,0.8,0.999984718576751,0.987694848129494
0.066260950246465,0.06,0.10093614877703,0.0990588008450777,0.0703540676928098,0.0777871124247421,0.150183143205437,0,0.05,0.00109135912388018,0.0244149897602033
0.0260207687593833,0.006,0.0417267954135854,0.0608663617926631,0.069032569474742,0.0777871118898914,0.0362919133276701,0,0,0.0000452174201799423,0.00670266668965946
0.0321116809802847,0.0313333333333333,0.0693339891750415,0.158643142750877,0.220122444779215,0.0777871118898893,0.0362919133276701,0,0.05,0.000031224385513074,0.012438351501433
0.663990133310488,0.661333333333333,0.815613818561554,0.607384585217099,0.644895213920736,0.814480233166068,0.0717948730480976,0,0.675,0.925323591233989,0.806848641944176
0.993665006506291,0.800666666666667,0.83374852036044,0.753410481877157,0.864282239146516,0.814480233167037,0.87863247568536,0.851476424015273,0.853658536585366,0.999999999999986,0.999183477535927
0.884277436904812,0.784666666666667,0.774826686436345,0.776125325356062,0.778109391735181,0.814480233167037,0.87863247568536,0.79494980073424,0.75,0.999102343406655,0.938963074860634
0.0604690206609161,0.084,0.116290442053746,0.145860789817178,0.214608912453541,0.0777946936172404,0.0362919133276701,0,0.1,0.00183469290130211,0.0183058717443346
0.147372805882058,0.100666666666667,0.167552766102533,0.184656601784035,0.126125883738454,0.0777871120101108,0.150183143205437,0,0.1,0.00291146823064767,0.0831563204823453
0.0568926370380865,0.126666666666667,0.115730061934275,0.156224178822246,0.224238630929792,0.0777872146944313,0.0362919133276701,0,0.075,0.000389400634258037,0.0131826692835329
0.191101401303507,0.263333333333333,0.197086905730656,0.210261661837066,0.17218044499532,0.0777888291408804,0.150183143205437,0,0.175,0.0169686194219274,0.0714393368500713
0.619352021222384,0.575333333333333,0.649182492540895,0.504710208226863,0.50752054471662,0.814480233167034,0.671794869471819,0,0.55,0.73926539974413,0.627943298312405
0.0724565127773406,0.114666666666667,0.132326808428069,0.103923394306242,0.0982031339659408,0.0777871145046773,0.0362919133276701,0,0.05,0.00291724395578527,0.0195924328836103
0.0463095271517234,0.082,0.0913728319138048,0.0920083458764726,0.131231581103412,0.0777871118902967,0.0362919133276701,0,0.025,0.000130473710149659,0.0227181928051926
0.135446067177733,0.13,0.151968811663307,0.157957261337161,0.130440374822298,0.0777871214368132,0.150183143205437,0,0.15,0.0127626854112329,0.0581155144141933
0.134666130567255,0.194666666666667,0.224791316418719,0.311639119470792,0.35914239550068,0.0777871405423568,0.150183143205437,0,0.275,0.282799340589789,0.0374023931969071
0.762378570735096,0.801333333333333,0.693583342348717,0.666339376046052,0.867362557529601,0.81448023012654,0.817663815890207,0.728006459018264,0.575,0.961852395942549,0.783445438035664
0.807000420757793,0.689333333333333,0.678383209609174,0.679727070310938,0.812495780923659,0.814480233167033,0.87863247568536,0.787582730140179,0.7,0.999987551952743,0.900586570059384
0.804277680897072,0.529333333333333,0.598063290356641,0.563120852037829,0.600836847263915,0.814480233167037,0.87863247568536,0.787582730140179,0.525,0.999953946665192,0.807090470463273
0.289921052309507,0.196666666666667,0.231116442772445,0.303613365646425,0.145009676336297,0.0782850703244591,0.150183143205437,0,0.275,0.099533329914355,0.198679700199871
0.136155963383162,0.210666666666667,0.202290743657266,0.166925049918414,0.113205496445127,0.0777926067568281,0.150183143205437,0,0.125,0.00644331192759934,0.0349110192114029
0.784035180660112,0.867333333333333,0.877008300084162,0.773809144031759,0.820218061609714,0.814480233167032,0.950690333772874,1,0.75,0.994076973462172,0.889368489496298
0.0564882926104684,0.0326666666666667,0.125276116605213,0.0932739660685727,0.117341571619357,0.0777871138265666,0.0362919133276701,0,0.05,0.000424911195968969,0.0228953493992536
0.879367030953459,0.873333333333333,0.811659909487681,0.830289330500346,0.898030395490243,0.814480233167036,0.87863247568536,0.79494980073424,0.75,0.999318863341939,0.949945781182592
0.0867985250183918,0.129333333333333,0.116271572038393,0.310010706711475,0.262851632571865,0.0777871118994421,0.0362919133276701,0,0.125,0.000154005424643766,0.0276592316101884
0.0340051876124504,0.0493333333333333,0.0549099997854812,0.337523335773673,0.386180106818463,0.0777871118898893,0.0362919133276701,0,0.125,0.0000878521396759253,0.00766092452642842
0.761961266703794,0.854,0.820989401286562,0.726336780192669,0.824192324398796,0.814480233163545,0.87863247568536,0.721026488194185,0.625,0.962575250146123,0.876781576525423
0.159960101770417,0.132,0.122702886342907,0.154492820191363,0.157911784413732,0.0777871546272959,0.0362919133276701,0,0.125,0.0111105635503273,0.0913102571123358
0.679264981706372,0.707333333333333,0.769406706080524,0.594387574647765,0.800040485664988,0.814480233166948,0.671794869471819,0,0.575,0.879765810653242,0.822189767535339
0.067044799586758,0.133333333333333,0.138741090496746,0.121416917955622,0.086483245190776,0.0777871128739356,0.150183143205437,0,0.05,0.00152238850589684,0.0237418561575794
0.030521881145089,0.024,0.0697559236072325,0.0671829649643909,0.0554207216667046,0.0777871118901074,0.0362919133276701,0,0,0.000117114425846485,0.00768391191341107
0.49714633686366,0.48,0.561157073191488,0.447733523101067,0.525919986856309,0.814339413911184,0.0717948730480976,0,0.475,0.189278789608289,0.691440734361576
