0.22206702809285,0.524,0.506522446802809,0.288760304850233,0.526129323472905,0.00000114835586920155,0.937891734307723,1,0.125,0.271400272027279,0.117463086446394
0.445142565695437,0.519333333333333,0.698037088286605,0.350829400620071,0.502834355462952,0.67243949682995,0.220512820920374,0,0.1,0.0891715544282828,0.365130869796847
0.194868287794216,0.216,0.244085698277905,0.182632069280338,0.0468577858263001,0.000000117570354244874,0.0871794848114943,0,0.15,0.0673699741913844,0.0377297880082039
0.535412422934224,0.572,0.711116342029004,0.463311168052871,0.763594873500377,0.0000000744110732700352,0.220512820920374,0,0.325,0.941067108012468,0.713026866007871
0.123594497047049,0.154666666666667,0.166198234550168,0.164402330591365,0.105656947741007,0.000000151638104491225,0.0871794848114943,0,0.175,0.0170858640516588,0.0208790872114032
0.0624633447768937,0.0546666666666667,0.0465696386160573,0.145676314180051,0.0302832835755178,0.0000000738213235413457,0.0871794848114943,0,0.05,0.000492698082279454,0.0119316991501259
0.324984915936511,0.462666666666667,0.596273644716582,0.555754372935118,0.719514711728543,0.0000000738178694040925,0.0807692328038124,0,0.475,0.80142231536431,0.382039073463757
0.291573811447555,0.364666666666667,0.438556514973305,0.31438859626931,0.217160277834138,0.495518433277776,0.0871794848114943,0,0.2,0.0297723179493994,0.206220078784807
0.0226444300995446,0.170666666666667,0.0829470006335766,0.112347255688741,0.0447844887696367,0.0000000738766380461127,0.0871794848114943,0,0.025,0.000147183776283284,0.00311671971907266
0.0138018466951993,0.0286666666666667,0.0407618636508962,0.0709781137997135,0.0375278094090876,0.0000000738128955940487,0.0871794848114943,0,0.025,0.00000498191550902564,0.0013791209429254
0.87480571584152,0.562,0.76774585515981,0.585578368170515,0.85476810861848,0.999345768437225,0.220512820920374,0,0.475,0.99939516278339,0.981680661290611
0.216114755044048,0.458666666666667,0.287582049911238,0.257991701070455,0.184223960338659,0.000108237280331873,0.0871794848114943,0,0.25,0.0652442657968666,0.0390343782254196
0.911906945090026,0.654,0.65095826503028,0.635379251383489,0.857983549901281,0.999951629322943,0.0807692328038124,0.5,0.6,0.999975528114174,0.965373409141474
0.84771823555044,0.916,0.868494910346526,0.709110740174201,0.819936579553714,0.9999158232972,0.937891734307723,1,0.6,0.997809662384663,0.949228103790528
0.0734618962790047,0.068,0.0417822997278989,0.270359946699211,0.155316485280682,0.0000000745830211516812,0.0871794848114943,0,0.125,0.00446264427324998,0.0185274681630331
0.943837943056611,0.996,0.942149794676426,0.822004083276986,0.965123673320794,0.999944934430974,0.937891734307723,1,0.6,0.999975099932418,0.988671387911718
0.037978615791574,0.0113333333333333,0.0437242193959528,0.0664126995635227,0.017750337420732,0.0000000740833183862723,0.0871794848114943,0,0.075,0.000893449327467654,0.00426595872894656
0.163616753122852,0.262,0.189222003831972,0.318973702357911,0.31185497667516,0.0000000752452935506049,0.0871794848114943,0,0.15,0.793915875722069,0.0364994235516907
0.100142881116993,0.257333333333333,0.153872911115336,0.302237237952267,0.157206704345303,0.0000000791639443674064,0.107692310137626,0,0.225,0.690206151705434,0.0321091338162771
0.0128347423770744,0.0146666666666667,0.0294814313285961,0.0831138762466123,0.0180881722835964,0.0000000738126810237082,0.0871794848114943,0,0.025,0.0000152443953380358,0.00113532563310781
0.0467298032409935,0.024,0.0745142816812602,0.09279543580589,0.0435331445474793,0.0000000754638725682056,0.0871794848114943,0,0.075,0.00107631289636207,0.00918159726508162
0.889630792063801,0.9,0.867990465604958,0.795002988616011,0.939996259517746,0.999853769609409,0.937891734307723,1,0.575,0.99946655516033,0.97484189047851
0.269816523458189,0.27,0.284457876683051,0.257072738577828,0.216369331971893,0.00018714461378576,0.0871794848114943,0,0.15,0.0438351258628712,0.147272135095602
0.065400448187437,0.0466666666666667,0.0741215859689977,0.115582674932631,0.0434448983924318,0.0000000828057346996751,0.0871794848114943,0,0.075,0.00532700342075343,0.00605050813532139
0.0775279384124557,0.0393333333333333,0.126887001115193,0.129908698226013,0.0369879429134767,0.0000000741559039057555,0.0871794848114943,0,0.075,0.00773774676108061,0.0172812900698958
0.113463398100903,0.178,0.0971250108880791,0.167638238392977,0.0887737410514904,0.000000122322937033324,0.0871794848114943,0,0.15,0.0119762547757676,0.0153744156348295
0.359465597555351,0.498,0.350647652162265,0.521336327466237,0.959161046852513,0.0000000773067217432355,0.0871794848114943,0,0.175,0.999958716951285,0.425329024301952
0.973169879946395,0.916,0.943146108290966,0.682565273713924,0.937596992798338,0.999951772168815,0.937891734307723,1,0.625,0.999999965741633,0.993040194793358
0.189841637859762,0.23,0.212952880540596,0.195468061696036,0.062167846678135,0.000000238032727131457,0.0871794848114943,0,0.175,0.045821764979852,0.0291738603032887
0.983751744297194,0.936,0.947585072503297,0.7859291122644,0.979399034655761,0.999951846074831,0.937891734307723,1,0.725,0.999999959226752,0.999310244526307
0.0441974258172349,0.0306666666666667,0.0744800126927236,0.134778308466885,0.0310516554657936,0.0000000743460499929831,0.0871794848114943,0,0.075,0.000513308009530672,0.0161711440992824
0.81014839526904,0.689333333333333,0.757144596591267,0.597055866695053,0.769425065547316,0.977166507012986,0.937891734307723,1,0.425,0.999998478086483,0.959392535306472
0.0231108650805953,0.042,0.0591140471517388,0.138429694730081,0.029436720187955,0.0000000738174442418611,0.0871794848114943,0,0.025,0.00316113570050032,0.00109497544046272
0.868081864149096,0.859333333333333,0.898600153088681,0.649945615746072,0.943345296304433,0.999949260371095,0.937891734307723,1,0.475,0.994434507418129,0.937675503756389
0.139826579156409,0.239333333333333,0.0939833478822129,0.474495680549621,0.783134635664081,0.0000000738244621657969,0.0871794848114943,0,0.125,0.999876377490404,0.0348079216454969
0.123488355684948,0.27,0.257578388860133,0.265799753128916,0.238953324150009,0.000000074048282322176,0.0871794848114943,0,0.15,0.000182269976293954,0.103816594923438
0.685315971310885,0.592,0.651273727387153,0.638056954040823,0.702503037561322,0.310346866833959,0.7769230709053,1,0.5,0.974516004196239,0.725514776045227
0.0433696977386649,0.0933333333333333,0.047176574450271,0.115058017583446,0.046593052924329,0.000000074117921776624,0.0871794848114943,0,0.05,0.000413592851245881,0.0142866934253324
0.995308394431467,0.977333333333333,0.944178245562004,0.727076331733707,0.992215808090387,0.999951848936461,0.937891734307723,1,0.675,0.999999999999869,0.999924892671329
0.816436054193596,0.516,0.709299018521692,0.595394815882015,0.604028355162174,0.999868726844505,0.0807692328038124,0.5,0.6,0.986267602968188,0.902009650386328
0.954763749028856,0.852666666666667,0.908794615573077,0.720148213712432,0.920843146756148,0.999951147645906,0.937891734307723,1,0.625,0.999999925573861,0.995624151568497
0.0720675203557547,0.0293333333333333,0.0594485962868885,0.147425428695301,0.0339073752556055,0.0000000757165533862436,0.0871794848114943,0,0.1,0.0427431313670137,0.011646151671022
0.550348307605805,0.478,0.474119057691563,0.403677381057892,0.739976849036551,0.999872693766501,0.937891734307723,1,0.275,0.950448516783105,0.423516575624331
0.02983584371293,0.0253333333333333,0.0612467973837878,0.0849732050020289,0.0226830073035393,0.000000073853485628506,0.0871794848114943,0,0.05,0.000708599542217484,0.00410991236641128
0.0430354072552059,0.0993333333333333,0.0354718388209324,0.0964935721901222,0.0256085637781617,0.0000000742056522049555,0.0871794848114943,0,0.075,0.00159781059764337,0.00316100921851389
0.932392175640821,0.938666666666667,0.935366361104513,0.818090470476684,0.961714313379727,0.999950800818676,0.937891734307723,1,0.6,0.999908309609599,0.986394381452451
0.0447321828911705,0.00866666666666667,0.0578564580079408,0.0778810304507309,0.0237830681756969,0.0000000739493210795297,0.0871794848114943,0,0.05,0.0011956963267246,0.00991593077166525
0.266824705688677,0.238666666666667,0.238215849159746,0.308503256929666,0.0873457495622919,0.000000136704927953393,0.0871794848114943,0,0.25,0.227625118193315,0.0427785398444124
0.290630587630711,0.294666666666667,0.21420995922934,0.364321650862023,0.1352626325717,0.000000102319521036053,0.107692310137626,0,0.25,0.424885731859558,0.303676717654424
0.019534423934351,0.066,0.0754448404096547,0.149579419563695,0.0415797830637794,0.0000000738310188390668,0.0871794848114943,0,0.05,0.0000687675397621087,0.0053521609458956
0.0639102964281563,0.0586666666666667,0.0714584331912998,0.130126331194554,0.0260765697647642,0.0000000738148928477458,0.0871794848114943,0,0.075,0.000282818473758642,0.0152805280637614
0.218407948601805,0.288,0.270846637887705,0.235622528342335,0.166845195683495,0.000127987002688687,0.0871794848114943,0,0.125,0.0262841119102063,0.0774892036365714
0.135220065943046,0.301333333333333,0.388739499030417,0.27958709946849,0.261193462598204,0.0000000739401139889978,0.0871794848114943,0,0.15,0.000288867864766,0.105088110871121
0.0753088684732636,0.0793333333333333,0.0757297056046099,0.144758145561567,0.02959016008113,0.0000000740480460376639,0.0871794848114943,0,0.15,0.00756483952247234,0.0115668649150153
0.791389573458136,0.794,0.724825943779853,0.618055911040319,0.84614405576614,0.99994779191002,0.7769230709053,1,0.5,0.946342557328919,0.948092201791501
0.0424103945052776,0.0853333333333333,0.0562170962989661,0.145348597577037,0.0666729427717151,0.0000000744216852792174,0.0871794848114943,0,0.075,0.000241921260080417,0.0158450172885061
0.0104168330524419,0.01,0.0332189512389726,0.0655372814597421,0.0309950255278367,0.0000000738128491200632,0.0871794848114943,0,0.025,0.00000247995397162718,0.000886213547002494
0.282747763144981,0.235333333333333,0.339694868031986,0.266678721706467,0.235006069516546,0.00134675015359815,0.0871794848114943,0,0.15,0.0460988975911285,0.149276240735338
0.219943482692338,0.291333333333333,0.302783355658057,0.291898293854296,0.174546084952887,0.0000499320983287226,0.0871794848114943,0,0.25,0.266430688745461,0.0482111673002192
0.173172400811222,0.178,0.171007579364143,0.227312585547108,0.122539083760915,0.000000084748935161233,0.0871794848114943,0,0.15,0.172412004074757,0.044841009440973
0.951530567103593,0.954666666666667,0.946475522686432,0.833772007153812,0.983773240394382,0.999948340398158,0.937891734307723,1,0.575,0.999968418884092,0.995627702608564
0.814546669933809,0.800666666666667,0.769216925829933,0.688724527056229,0.8792287113433,0.98421360095089,0.7769230709053,1,0.55,0.998155283054263,0.927696891621994
0.489203044653517,0.275333333333333,0.18929594598379,0.428676477417507,0.287049831397178,0.00273932156039565,0.7769230709053,1,0.325,0.889176868654307,0.533238656982547
0.115458125197288,0.351333333333333,0.26064235624781,0.48403765265514,0.669713253484608,0.000000073812677267008,0.107692310137626,0,0.325,0.861590033553007,0.0816371587871491
0.0588038400213877,0.164666666666667,0.103880248073559,0.134495494998455,0.0869360953787525,0.0000000781283155175567,0.0871794848114943,0,0.125,0.00246966612067915,0.00766260804500722
