0.213030455691558,0.217333333333333,0.195900175070713,0.210986774229312,0.14369461036887,0.209102622907257,0.123895534925398,0,0.195121951219512,0.0524285977737007,0.159549123866098
0.69259127579858,0.808,0.703519141541695,0.727581395753769,0.775116188791287,0.732845167002067,0.782941459331237,1,0.833333333333333,0.923336635353642,0.761063056821782
0.729766037983441,0.443333333333333,0.642184271066561,0.658162095966451,0.782463269686569,0.773036008335038,0.782941459331237,1,0.630434782608696,0.954989632240925,0.815476144874051
0.183017765274631,0.00666666666666667,0.177483262812774,0.259315448246236,0.146980456511296,0.179252637565778,0.123895534925398,0,0.209302325581395,0.0159451157694335,0.119266718238641
0.0700170953690933,0.002,0.0765886611734423,0.0952984629625927,0.0944373399213687,0.0813611737581838,0.123895534925398,0,0.0975609756097561,0.0054161567927471,0.0454455946321268
0.726174056331662,0.416,0.645845078595315,0.556097725000847,0.783791715971065,0.753093609282601,0.782941459331237,1,0.585365853658537,0.404351353091966,0.77904722321006
0.110400947951626,0,0.129260860060312,0.12248222913576,0.131015924845078,0.11490746011458,0.123895534925398,0,0.0930232558139535,0.00647232378720484,0.0667470734207985
0.792154766460104,0.965333333333333,0.757433450772181,0.789579369391271,0.787619258590903,0.833628542807524,0.782941459331237,1,0.833333333333333,0.972765172636802,0.865107759110372
0.822712736810869,0.982666666666667,0.847238511386242,0.856820131328924,0.789556504354034,0.861606756072208,0.782941459331237,1,0.866666666666667,0.979181252803161,0.888069208056466
0.775481621610953,0.934666666666667,0.745414059207716,0.749766558613163,0.786436908487052,0.817864658693519,0.782941459331237,1,0.8,0.968687577543137,0.852202651683687
0.834460205619129,0.986666666666667,0.822106527738029,0.79844385301534,0.781263613034472,0.873241338404906,0.782941459331237,1,0.825,0.983737232812396,0.908233172160394
0.579343784281545,0.869333333333333,0.582499867685966,0.613947580898032,0.759451698205054,0.610784002317942,0.782941459331237,1,0.625,0.848006995944239,0.651704231901813
0.489964936052282,0.414666666666667,0.613538567304206,0.580972118705759,0.734036662560221,0.514231360382645,0.782941459331237,1,0.636363636363636,0.767255087499446,0.591178694558165
0.743825120489438,0.820666666666667,0.744515089308249,0.794641047323947,0.608228011258875,0.78278805035521,0.88577901145228,1,0.85,0.914075398922576,0.785749242370318
0.778203080779169,0.958,0.836446364653935,0.850456277137831,0.780521958925357,0.81880025113573,0.782941459331237,1,0.875,0.956647014927476,0.837166735206003
0.702969774329993,0.920666666666667,0.720934025333768,0.7439315801729,0.776010937435869,0.743625912768038,0.782941459331237,1,0.818181818181818,0.928237140556644,0.770602135401283
0.0789346223121872,0.00133333333333333,0.0827660709176034,0.147441873465014,0.0505456886737865,0.0841905367650276,0.123895534925398,0,0.0930232558139535,0.000251378735168753,0.0426555366938716
0.786581867345857,0.696666666666667,0.816263423851804,0.858500491956102,0.780862560876939,0.826799222240162,0.782941459331237,1,0.875,0.959154024139162,0.844289149854461
0.817770696752797,0.980666666666667,0.837813055107544,0.877901617702706,0.782014443398554,0.855807812587182,0.782941459331237,1,0.926829268292683,0.967541530622896,0.870262912052114
0.471209281297673,0.130666666666667,0.289465134275236,0.361052257399141,0.440917191167159,0.487107387180955,0.322772839490105,0,0.585365853658537,0.67109515168875,0.505685768926929
0.88198036475063,0.978666666666667,0.873553430366766,0.87410519261928,0.780239834432345,0.912905330714914,0.782941459331237,1,0.9,0.990707472904158,0.938070731550264
0.660179586312539,0.716666666666667,0.722654125126669,0.641626644812504,0.618888442583256,0.695126903208574,0.403351466147044,1,0.560975609756098,0.820320144433515,0.703407958688399
0.120445749892481,0.048,0.154952824467935,0.137269910061626,0.133824171977696,0.123562779051602,0.123895534925398,0,0.125,0.00760227637175161,0.0736880609415389
0.0688451648576143,0.0993333333333333,0.0802354001820801,0.161466225590942,0.049661559861384,0.0761812035318729,0.123895534925398,0,0.0731707317073171,0.000187454674275349,0.0365936870931072
0.751675961947587,0.996,0.840928570254106,0.81846088846989,0.779272050811462,0.792947982500832,0.782941459331237,1,0.857142857142857,0.947915356047803,0.8142254080673
0.829777881783232,1,0.864059716956099,0.869783861533391,0.789985638949818,0.867896258328163,0.782941459331237,1,0.878048780487805,0.980489918086712,0.893249032562671
0.637760743521669,0.756666666666667,0.706205297539282,0.606702415988762,0.593590485611739,0.670929610104119,0.403351466147044,1,0.585365853658537,0.800116101542762,0.680742014144249
0.0614283168127298,0,0.100490593026644,0.0711107147892146,0.110207774448668,0.0734578505689853,0.123895534925398,0,0.025,0.00205309659054575,0.0345783610072887
0.119643678306026,0.0153333333333333,0.132154358336648,0.161618007341899,0.118531674006018,0.124003374170058,0.123895534925398,0,0.175,0.0170012791490092,0.082689342128356
0.0464508004143381,0.002,0.0754537531879153,0.0627449745058878,0.0996876284330531,0.0608060139802335,0.123895534925398,0,0.025,0.00113909518791149,0.0253691850874876
0.142908130656859,0.184,0.191627895004147,0.176397198690352,0.139187918393136,0.143187889469734,0.123895534925398,0,0.125,0.0103558246503596,0.0895958874418682
0.0422803092528274,0,0.0718891393152868,0.0623597493935031,0.0962199018522767,0.0572487267372395,0.123895534925398,0,0.024390243902439,0.000928319866295067,0.0228671990383735
0.0289170921684843,0,0.0720131564634142,0.0804606954839923,0.0833408807475718,0.0456188354694739,0.123895534925398,0,0,0.00039302706794406,0.0150605528916695
0.813045064500319,0.878666666666667,0.787758796277942,0.770362473491969,0.781657841225935,0.854272113223577,0.782941459331237,1,0.804878048780488,0.979630834049693,0.894036977109654
0.317484863113229,0.117333333333333,0.284169956292522,0.260795300882806,0.162369177766267,0.312786917520256,0.123895534925398,0,0.225,0.107091537991314,0.254185776414576
0.17577304285457,0.00533333333333333,0.175698697137988,0.243994206060738,0.145672386016635,0.17263773399393,0.123895534925398,0,0.19047619047619,0.0148783070825649,0.113790908049418
0.190492077196584,0.022,0.213484941343674,0.274873468282928,0.148303520548583,0.186124433842066,0.123895534925398,0,0.209302325581395,0.0170699942073044,0.124968875421653
0.103252019973771,0.004,0.0953149346153883,0.135039479451625,0.0533127957293714,0.103635265956099,0.123895534925398,0,0.181818181818182,0.000439769185835484,0.0577678364390875
0.581193099418065,0.622666666666667,0.545598030741247,0.549649213533166,0.507929777243849,0.609493058513418,0.88577901145228,1,0.697674418604651,0.802362115931274,0.622817413894273
0.822712736810869,0.982666666666667,0.847238511386242,0.856820131328924,0.789556504354034,0.861606756072208,0.782941459331237,1,0.866666666666667,0.979181252803161,0.888069208056466
0.196993710458332,0.022,0.161961084987781,0.20594130894814,0.140352905541268,0.193968820484002,0.123895534925398,0,0.186046511627907,0.0452886237990079,0.145793442757269
0.577367137058168,0.0573333333333333,0.321164515479041,0.365718105889953,0.52662483526107,0.607974509864498,0.322772839490105,0.305521478112746,0.475,0.838530400643571,0.649356038431169
0.0738079167347094,0.00733333333333333,0.132429664138387,0.0814392020104706,0.117040048446783,0.0838670529576095,0.123895534925398,0,0.05,0.00297846081116372,0.042429894538711
0.404412477671797,0.756,0.562718102075292,0.495199339703613,0.671965833134171,0.395888799105286,0.782941459331237,1,0.425,0.0513418744729163,0.414813693566292
0.414352623379613,0.234,0.334811680188793,0.418822802070726,0.337626948332223,0.405961154612719,0.322772839490105,0.305521478112746,0.3,0.0523752142663987,0.425256338287681
0.0845586328065475,0,0.113031639495703,0.0917419740575325,0.121942463887318,0.0929248137893129,0.123895534925398,0,0.0975609756097561,0.00389437438570057,0.0494089464998483
0.719950827212284,0.693333333333333,0.648466534717747,0.644468265709182,0.781443198023683,0.763133372810749,0.782941459331237,1,0.6,0.951493195114577,0.807336535923174
0.7162791032205,0.663333333333333,0.640250041935184,0.555039997664999,0.782066134809544,0.742582878999554,0.782941459331237,1,0.571428571428571,0.386323998681486,0.769754391897406
0.925476834557272,0.876666666666667,0.889506998581245,0.872044037227853,0.800642419180566,0.945441040512775,0.782941459331237,1,0.925,0.993189970459827,0.958318563627545
0.286384483963153,0.0986666666666667,0.240366722976405,0.241457965386341,0.157028141245209,0.28103372581511,0.123895534925398,0,0.225,0.0895147321490304,0.225132233575045
0.786581867345857,0.696666666666667,0.816263423851804,0.858500491956102,0.780862560876939,0.826799222240162,0.782941459331237,1,0.875,0.959154024139162,0.844289149854461
0.671245901271895,0.941333333333333,0.709507108785178,0.695762096541596,0.773023238073779,0.710413522748541,0.782941459331237,1,0.780487804878049,0.912361364355148,0.741181978872181
0.896277693993894,0.916666666666667,0.861919604952796,0.527038528146334,0.817493230178743,0.917399429665611,0.782941459331237,1,0.790697674418605,0.753484022453885,0.926686409839947
0.0668793073655914,0,0.0764649076317146,0.09188678756658,0.0924759031224126,0.0786949256240807,0.123895534925398,0,0.05,0.00488903548631663,0.0431928647985449
0.174675705749008,0.0353333333333333,0.1453884586307,0.198206481021302,0.135215206706662,0.173271343909738,0.123895534925398,0,0.2,0.0360252151737462,0.127019177335811
0.485384344217647,0.254666666666667,0.394662055919109,0.428330984710482,0.381974399339818,0.499433096262809,0.15161470917546,0,0.51219512195122,0.541506577702259,0.487734222998178
0.400637003935234,0.41,0.512687223778891,0.56944091106954,0.709998537927979,0.394435098292695,0.782941459331237,1,0.5,0.0529401715159699,0.442896485471262
0.754535792607465,0.6,0.689342363093978,0.559341883212578,0.788724632467843,0.78278332081071,0.782941459331237,1,0.69047619047619,0.458295730816275,0.805293888040046
0.196993710458332,0.022,0.161961084987781,0.20594130894814,0.140352905541268,0.193968820484002,0.123895534925398,0,0.186046511627907,0.0452886237990079,0.145793442757269
0.74873410749396,0.905333333333333,0.697070318324375,0.691207969545578,0.78425883226477,0.791905445103545,0.782941459331237,1,0.666666666666667,0.961160764929023,0.830951948293611
0.520256296636745,0.923333333333333,0.749603637080822,0.691078733024202,0.673787094338827,0.537647719359308,0.832475881124872,1,0.575,0.430864206271246,0.525026911433424
0.917212654101518,1,0.895532898660051,0.905812335657207,0.781355756667169,0.939923955852494,0.782941459331237,1,0.9,0.994351821763461,0.958648454581248
0.721479171706546,0.8,0.70479766727491,0.693659173915098,0.630211152110145,0.762151630311311,0.88577901145228,1,0.813953488372093,0.932632275078908,0.787141576830716
0.608689770040048,0.774,0.72767016214954,0.591692760843781,0.456930407719335,0.637160013650506,0.88577901145228,1,0.7,0.726513451198535,0.620867930132431
0.221398306084604,0.410666666666667,0.200668495151912,0.213674057433031,0.145349506285416,0.217085661475937,0.123895534925398,0,0.227272727272727,0.0563046552184483,0.166812417915439
0.770024111067354,0.818666666666667,0.668144545423505,0.559225093825651,0.723387627629755,0.825768178659097,0.782941459331237,1,0.634146341463415,0.477519782750373,0.872656657459164
0.631869267787138,0.828666666666667,0.728346306628513,0.61340015622579,0.466285269476436,0.662566568873342,0.88577901145228,1,0.775,0.749180146750819,0.645571495800262
0.471081531817901,0.814666666666667,0.591455330666053,0.65041657176227,0.614170108590886,0.482892122739721,0.832475881124872,1,0.55,0.365042837655884,0.471879774563228
0.0772438660947894,0,0.120565775244889,0.0846014703390678,0.118698755289475,0.0867585078106896,0.123895534925398,0,0.05,0.00326031613272085,0.044644688288688
0.144865916036132,0.104666666666667,0.14980735830733,0.222372622166197,0.1455298861707,0.13905961883733,0.123895534925398,0,0.166666666666667,0.00144985146606734,0.0961092814343841
0.723105052216713,0.677333333333333,0.734553366616227,0.775964669095777,0.777535412725861,0.764283127391079,0.782941459331237,1,0.8,0.937000993602354,0.78886706360685
0.328244341652835,0.255333333333333,0.291571123891419,0.268404962746769,0.164237800910356,0.323931196224908,0.123895534925398,0,0.24390243902439,0.113389314532421,0.264401949189032
0.0924966517765663,0.000666666666666667,0.113576172334892,0.100186038323434,0.125079106331648,0.099639719583573,0.123895534925398,0,0.1,0.00463234605812793,0.0546525377503176
0.208261103158725,0.316,0.219057227305156,0.391011337144814,0.0851211495040493,0.179475958248041,0.123895534925398,0,0.225,0.0000000203135356598192,0.0963597335979472
0.17577304285457,0.00533333333333333,0.175698697137988,0.243994206060738,0.145672386016635,0.17263773399393,0.123895534925398,0,0.19047619047619,0.0148783070825649,0.113790908049418
0.766796243303729,0.978666666666667,0.742442512436069,0.729621516378369,0.78577109202065,0.809522840349826,0.782941459331237,1,0.717391304347826,0.966383383834232,0.845375918503523
0.880112701989253,0.814,0.851403067288113,0.843581574012143,0.78524420010037,0.909698279915683,0.782941459331237,1,0.9,0.98054284371239,0.91947706836179
0.0349889811343452,0,0.0720131564634142,0.0666689149193845,0.0895240044313552,0.0509597700456273,0.123895534925398,0,0,0.00060900503013182,0.0185655022024736
0.885177236933138,0.88,0.857501788342815,0.57092189132621,0.828125417255754,0.908793291014802,0.782941459331237,1,0.775,0.778445318769427,0.927247649795987
0.918396925828344,0.901333333333333,0.889506998581245,0.891084772564906,0.799006106346612,0.94023802062623,0.782941459331237,1,0.925,0.992517597530214,0.953855254913369
0.446770782129548,0.1,0.281885581809108,0.337105450591023,0.425388432806925,0.459998924031987,0.322772839490105,0,0.534883720930233,0.633916343344763,0.479099313739753
0.786581867345857,0.696666666666667,0.816263423851804,0.858500491956102,0.780862560876939,0.826799222240162,0.782941459331237,1,0.875,0.959154024139162,0.844289149854461
0.689238837962342,0.84,0.586104612785913,0.616324049074438,0.777816586400834,0.731591735110367,0.782941459331237,1,0.585365853658537,0.93904802444215,0.78129044022839
0.286384483963153,0.0986666666666667,0.240366722976405,0.241457965386341,0.157028141245209,0.28103372581511,0.123895534925398,0,0.225,0.0895147321490304,0.225132233575045
0.900982698174742,0.908666666666667,0.884055815625735,0.896888239316883,0.780391580063094,0.927745339965307,0.782941459331237,1,0.902439024390244,0.992812017252956,0.949339672119512
0.109657427177614,0.296666666666667,0.147764193384203,0.150084462190552,0.114576644723142,0.115312640525873,0.123895534925398,0,0.175,0.0142066282642271,0.074969106625877
0.772307703514502,0.708,0.70793606410538,0.561014853904484,0.79183658494697,0.801016130402339,0.782941459331237,1,0.704545454545455,0.493619473236248,0.821436672455762
0.158827211694596,0.0373333333333333,0.190291790644667,0.119871377987364,0.131701204225904,0.160050783838931,0.15161470917546,0,0.142857142857143,0.0510772058439926,0.127941289562358
0.154400005915729,0.118,0.133017140937525,0.188860633179596,0.12987682316475,0.1548331551776,0.123895534925398,0,0.219512195121951,0.0283462537102047,0.110350212378386
0.0403316270211166,0,0.0719707862115367,0.0627418365460225,0.0945103354793163,0.0555779269022917,0.123895534925398,0,0,0.000836752467872118,0.0217082234465579
0.206135410267699,0.305333333333333,0.310677768775775,0.305861709764929,0.151016052280227,0.200662432711108,0.123895534925398,0,0.225,0.019500076335174,0.137075042545228
0.783934671991416,0.801333333333333,0.741164204346411,0.769904024613197,0.787050899914768,0.825898660460441,0.782941459331237,1,0.80952380952381,0.970809753731255,0.858778331145855
0.112728801850535,0.00133333333333333,0.0890478386514343,0.135255765523213,0.0545553804345686,0.111299628619978,0.123895534925398,0,0.15,0.000525583657184248,0.0638389512116104
0.0510107541541447,0.0226666666666667,0.0950695157373092,0.064455211706169,0.103194706829136,0.0646734183346591,0.123895534925398,0,0.025,0.00139198602785798,0.0281370399981607
0.0994610524696365,0.0586666666666667,0.100512752621304,0.22149727258164,0.0435423023257903,0.0996977067708254,0.123895534925398,0,0.1,0.000179762596269682,0.0487982329451339
0.221398306084604,0.410666666666667,0.200668495151912,0.213674057433031,0.145349506285416,0.217085661475937,0.123895534925398,0,0.227272727272727,0.0563046552184483,0.166812417915439
0.060558584073671,0.00333333333333333,0.0988756878776134,0.193423771942425,0.139494446922315,0.073925137817285,0.123895534925398,0,0.05,0.00519962657520756,0.0439689247477346
0.517831007484838,0.106,0.288403501099942,0.427652124078421,0.20637913181886,0.529984365128682,0.123895534925398,0,0.25,0.237299302633461,0.457093539713222
0.350304717417722,0.126,0.251533658778678,0.285302833667801,0.168146787552819,0.34701948787453,0.123895534925398,0,0.25,0.126618757785335,0.285606729665427
0.0754296127882562,0.000666666666666667,0.0828134358848329,0.151522203870721,0.050215325258815,0.081406264415599,0.123895534925398,0,0.0909090909090909,0.000228188749458835,0.0405352364884927
0.195795364827208,0.244666666666667,0.16491002364222,0.342348420350133,0.255924109349424,0.194681052689758,0.123895534925398,0,0.2,0.0756776714549458,0.16206169127222
0.0808258092555303,0.002,0.118221291145576,0.0880266727474451,0.120333422367584,0.0897759362870886,0.123895534925398,0,0.0888888888888889,0.00356512860263422,0.0469694210986614
0.745769188853748,0.903333333333333,0.728153672629066,0.723929074054983,0.781073940528491,0.790858797757909,0.782941459331237,1,0.723404255319149,0.961461776118654,0.846456481574198
0.74873410749396,0.905333333333333,0.697070318324375,0.691207969545578,0.78425883226477,0.791905445103545,0.782941459331237,1,0.666666666666667,0.961160764929023,0.830951948293611
0.0705131255424875,0.0926666666666667,0.134388673248923,0.0785195683599912,0.115359221855283,0.0810962788089351,0.123895534925398,0,0.0465116279069767,0.00271814336319713,0.0403203380541719
0.506064311123713,0.151333333333333,0.346064671164167,0.357819803745033,0.4446777952161,0.525272414203957,0.403351466147044,0.305521478112746,0.475,0.643586508425911,0.542896383933489
0.136089754289527,0,0.121195263244594,0.17677850814169,0.124312558009538,0.138473603787025,0.123895534925398,0,0.15,0.0220676224046614,0.0956291212456391
0.656764499152308,0.664666666666667,0.56357033124276,0.605932216576531,0.773206329723672,0.697431449655044,0.782941459331237,1,0.575,0.923017244656784,0.752801329025301
0.815342400207178,0.699333333333333,0.797795602395971,0.764548305985214,0.826133727434324,0.852953390441472,0.403351466147044,1,0.7,0.940756377471586,0.867912621016953
0.853863214878219,0.97,0.836042022700587,0.82911217797034,0.780788409074829,0.889857816202673,0.782941459331237,1,0.857142857142857,0.986908856901742,0.92069616403023
0.800141859588295,0.899333333333333,0.756775568144497,0.808391143424093,0.788148080931705,0.84105879508952,0.782941459331237,1,0.833333333333333,0.974567798792538,0.871196055474933
0.591289415496191,0.532666666666667,0.559061196015738,0.619184714839735,0.761686381399004,0.62394527565018,0.782941459331237,1,0.595744680851064,0.858220599294267,0.66367990074094
0.637315334536162,0.894666666666667,0.785754905197665,0.447327792875698,0.66562723283693,0.651412881747615,0.782941459331237,1,0.45,0.135433037256825,0.634592785598005
0.719950827212284,0.693333333333333,0.648466534717747,0.644468265709182,0.781443198023683,0.763133372810749,0.782941459331237,1,0.6,0.951493195114577,0.807336535923174
0.477673902206942,0.338666666666667,0.586482525389818,0.573044111018079,0.729908712112415,0.500533205358803,0.782941459331237,1,0.636363636363636,0.748948144656546,0.578261906931907
0.878446363502835,0.947333333333333,0.879431007656365,0.920208020134702,0.793423917006558,0.909211685852009,0.782941459331237,1,0.975609756097561,0.98799699836586,0.927570080704307
0.0614283168127298,0,0.100490593026644,0.0711107147892146,0.110207774448668,0.0734578505689853,0.123895534925398,0,0.025,0.00205309659054575,0.0345783610072887
0.0289170921684843,0,0.0720131564634142,0.0804606954839923,0.0833408807475718,0.0456188354694739,0.123895534925398,0,0,0.00039302706794406,0.0150605528916695
0.0238728348439157,0,0.0720131564634142,0.108440412726384,0.0778770022835238,0.0410695424542594,0.123895534925398,0,0,0.000249526011463093,0.0122090654691559
0.871342629584973,0.981333333333333,0.840037581552167,0.857869660311449,0.780389920990959,0.904334370033261,0.782941459331237,1,0.875,0.98937261899817,0.931594022075026
0.2048956437607,0.0106666666666667,0.158756536261514,0.208431650054038,0.142030215514915,0.20139857289883,0.123895534925398,0,0.175,0.0487583143454116,0.152544184134218
0.563446969089292,0.937333333333333,0.675443662503997,0.608413312630413,0.754851122332304,0.595944216169421,0.782941459331237,1,0.65,0.854542912398643,0.665527838767484
0.619058883273856,0.766666666666667,0.747523950227575,0.647644204193852,0.77055465964309,0.659485457739063,0.782941459331237,1,0.675,0.891878061121078,0.744349893866547
0.581193099418065,0.622666666666667,0.545598030741247,0.549649213533166,0.507929777243849,0.609493058513418,0.88577901145228,1,0.697674418604651,0.802362115931274,0.622817413894273
0.317484863113229,0.117333333333333,0.284169956292522,0.260795300882806,0.162369177766267,0.312786917520256,0.123895534925398,0,0.225,0.107091537991314,0.254185776414576
0.15991313436999,0.131333333333333,0.183853586335982,0.306825332249755,0.235908111936696,0.161327302523007,0.123895534925398,0,0.175,0.049449991019264,0.129098154688933
0.444768207821366,0.0546666666666667,0.248113658280951,0.293819799209575,0.377917403847787,0.457147585961918,0.403351466147044,0.305521478112746,0.4,0.546957399917441,0.476522157053591
0.323129243525931,0.148666666666667,0.265172416165032,0.377007614691971,0.335302100362911,0.323738882008682,0.322772839490105,0,0.51219512195122,0.321339630268153,0.313563293882244
0.634245176792635,0.754666666666667,0.572959342075313,0.60568448662796,0.769502917614421,0.673330750704415,0.782941459331237,1,0.7,0.909852213449885,0.732474464443454
0.797619584476385,0.986666666666667,0.792555155429565,0.754811873372602,0.781795166501255,0.840222920605511,0.782941459331237,1,0.829268292682927,0.976227744128342,0.88352690030964
0.689238837962342,0.84,0.586104612785913,0.616324049074438,0.777816586400834,0.731591735110367,0.782941459331237,1,0.585365853658537,0.93904802444215,0.78129044022839
0.0403316270211166,0,0.0719707862115367,0.0627418365460225,0.0945103354793163,0.0555779269022917,0.123895534925398,0,0,0.000836752467872118,0.0217082234465579
0.645585502247618,0.669333333333333,0.566984768944347,0.605354267835397,0.771421692277641,0.685505709578925,0.782941459331237,1,0.65,0.916709668873138,0.742769124248163
0.614726017441792,0.525333333333333,0.59405501164822,0.565341527919333,0.567455958861803,0.645806042608301,0.403351466147044,1,0.585365853658537,0.77755052451987,0.6571880923503
0.101097563963112,0.002,0.123738761209283,0.110285483630898,0.128103310457999,0.106950588051484,0.123895534925398,0,0.0930232558139535,0.00548711261704226,0.0604172434993325
0.871342629584973,0.981333333333333,0.840037581552167,0.857869660311449,0.780389920990959,0.904334370033261,0.782941459331237,1,0.875,0.98937261899817,0.931594022075026
0.732850734451535,0.712666666666667,0.757200267822629,0.791089433616376,0.778180245581565,0.774150215647128,0.782941459331237,1,0.829268292682927,0.940914146148314,0.797591338307762
0.294900330612478,0.162,0.24661886835941,0.349083336252172,0.243380427746156,0.279867600933956,0.322772839490105,0,0.275,0.0179159027372027,0.268726520260793
0.585009321101337,0.685333333333333,0.687483978796504,0.568566902435999,0.447618123887285,0.611009715872606,0.88577901145228,1,0.707317073170732,0.701759580127673,0.595521335412659
0.0516408411603182,0.0733333333333333,0.0974754281929439,0.369138152772937,0.0897808512962173,0.0590492303497275,0.123895534925398,0,0.175,0.00000000178858927787422,0.0190646320229059
0.897951869914215,1,0.890338956991836,0.917758279461338,0.795571737630686,0.924706267172959,0.782941459331237,1,0.925,0.990366054199591,0.940628836439508
0.37352090980629,0.120666666666667,0.252206559917588,0.294511051774392,0.304800423061068,0.379222121902772,0.403351466147044,0.305521478112746,0.341463414634146,0.418649616569738,0.398152948063219
0.0673547181266849,0.124666666666667,0.125622310341081,0.0758289058530015,0.113658508533123,0.0784410753360864,0.123895534925398,0,0.0476190476190476,0.00247800238060501,0.0383114695207617
0.694205513222194,0.601333333333333,0.702516259745261,0.749646580288352,0.576292300886808,0.731778617697743,0.88577901145228,1,0.85,0.887833212283587,0.7375942198178
0.84114759027187,0.998,0.837904825267447,0.808598146627106,0.781106255238938,0.879031360497897,0.782941459331237,1,0.833333333333333,0.984885726370208,0.912571732546018
0.742375611275979,0.954666666666667,0.823142031026588,0.805312072253991,0.778756702335367,0.783705631122207,0.782941459331237,1,0.818181818181818,0.94454528634417,0.806043749627149
0.189323957301015,0.0433333333333333,0.161169402363443,0.203449287888452,0.138659651093595,0.186808174590385,0.123895534925398,0,0.2,0.0420139147316393,0.139292346879943
0.680253710135179,0.35,0.6413422193667,0.570475855495901,0.599685205330421,0.719387309240595,0.322772839490105,0.305521478112746,0.707317073170732,0.912494534137683,0.749320162472019
0.612926158035065,0.477333333333333,0.441935160927461,0.409112104062699,0.55154255636344,0.647049946898299,0.322772839490105,0.305521478112746,0.575,0.868628008567241,0.684774887790542
0.689238837962342,0.84,0.586104612785913,0.616324049074438,0.777816586400834,0.731591735110367,0.782941459331237,1,0.585365853658537,0.93904802444215,0.78129044022839
0.0705131255424875,0.0926666666666667,0.134388673248923,0.0785195683599912,0.115359221855283,0.0810962788089351,0.123895534925398,0,0.0465116279069767,0.00271814336319713,0.0403203380541719
0.792154766460104,0.965333333333333,0.757433450772181,0.789579369391271,0.787619258590903,0.833628542807524,0.782941459331237,1,0.833333333333333,0.972765172636802,0.865107759110372
0.853863214878219,0.97,0.836042022700587,0.82911217797034,0.780788409074829,0.889857816202673,0.782941459331237,1,0.857142857142857,0.986908856901742,0.92069616403023
0.0845586328065475,0,0.113031639495703,0.0917419740575325,0.121942463887318,0.0929248137893129,0.123895534925398,0,0.0975609756097561,0.00389437438570057,0.0494089464998483
0.276432487070556,0.00733333333333333,0.199069395464753,0.236145078264866,0.155315209337567,0.271023903943185,0.123895534925398,0,0.24390243902439,0.0841023990356035,0.215987872301202
0.52038426128556,0.536,0.430414521333083,0.431420552436873,0.471325766102914,0.541887284505296,0.322772839490105,0,0.619047619047619,0.736740604127445,0.558613065500873
0.876760107375775,0.918666666666667,0.843186023355034,0.866349351221832,0.780299886928223,0.908722413886909,0.782941459331237,1,0.878048780487805,0.990067217771298,0.934907282044251
0.0808258092555303,0.002,0.118221291145576,0.0880266727474451,0.120333422367584,0.0897759362870886,0.123895534925398,0,0.0888888888888889,0.00356512860263422,0.0469694210986614
0.924386851226075,0.998666666666667,0.895373285163831,0.905044621576977,0.782200863114725,0.945157056118288,0.782941459331237,1,0.925,0.994963332023833,0.962666291308938
0.0510107541541447,0.0226666666666667,0.0950695157373092,0.064455211706169,0.103194706829136,0.0646734183346591,0.123895534925398,0,0.025,0.00139198602785798,0.0281370399981607
0.763977271162769,0.914,0.738191042306808,0.732229168725654,0.781550618870728,0.808547761863132,0.782941459331237,1,0.8,0.967295839470467,0.859780768910787
0.739361781112355,0.836,0.668144545423505,0.673829190602457,0.783399668680317,0.782627210192334,0.782941459331237,1,0.675,0.958204333752321,0.823347117532669
0.491332117744801,0.115333333333333,0.373960678596783,0.38709045670449,0.322813023480182,0.503901386946804,0.123895534925398,0,0.5,0.393295277412821,0.461717631963849
0.834460205619129,0.986666666666667,0.822106527738029,0.79844385301534,0.781263613034472,0.873241338404906,0.782941459331237,1,0.825,0.983737232812396,0.908233172160394
0.105658990688767,0,0.125879410663656,0.11609141821831,0.129573264802146,0.110845048118008,0.123895534925398,0,0.0952380952380952,0.0059625325604758,0.0635086853027748
0.455069727004862,0.342666666666667,0.411824298094746,0.385041761640542,0.441679369254425,0.471958637219322,0.322772839490105,0.305521478112746,0.575,0.684812264616735,0.521045576577422
0.267112344075491,0.67,0.268131335219452,0.413310026529155,0.208339653751432,0.267652184852565,0.403351466147044,0.305521478112746,0.275,0.219091855399189,0.27986227778947
0.0705131255424875,0.0926666666666667,0.134388673248923,0.0785195683599912,0.115359221855283,0.0810962788089351,0.123895534925398,0,0.0465116279069767,0.00271814336319713,0.0403203380541719
0.114555847998169,0.072,0.146073192677294,0.155964397676632,0.116562880155296,0.119567008011195,0.123895534925398,0,0.175,0.0155500458777807,0.0787427397329922
0.783934671991416,0.801333333333333,0.741164204346411,0.769904024613197,0.787050899914768,0.825898660460441,0.782941459331237,1,0.80952380952381,0.970809753731255,0.858778331145855
0.0555920713536255,0,0.0765961670508902,0.084721981261567,0.0849182510854812,0.0690943353694092,0.123895534925398,0,0.05,0.00321173014852652,0.0352053364761044
0.739361781112355,0.836,0.668144545423505,0.673829190602457,0.783399668680317,0.782627210192334,0.782941459331237,1,0.675,0.958204333752321,0.823347117532669
0.221398306084604,0.410666666666667,0.200668495151912,0.213674057433031,0.145349506285416,0.217085661475937,0.123895534925398,0,0.227272727272727,0.0563046552184483,0.166812417915439
0.225899823771875,0.198666666666667,0.286933257666081,0.292193402829643,0.273936756017594,0.225208458941893,0.322772839490105,0,0.238095238095238,0.162553759665778,0.21156953131994
0.0250470414553963,0,0.0720131564634142,0.0998121978252837,0.079165624277674,0.0421401594196362,0.123895534925398,0,0,0.000279967930543606,0.0128675631653186
0.802640477678635,0.922666666666667,0.838100081785598,0.870694337949209,0.781468540009321,0.841890807498231,0.782941459331237,1,0.928571428571429,0.963650807122271,0.857769912404202
0.0275665872205944,0,0.0720131564634142,0.0859103898253725,0.0819002061255621,0.0444127853292918,0.123895534925398,0,0,0.000351367637092304,0.0142914537041156
0.637879181371562,0.95,0.662178531239055,0.654572116341914,0.769007862918463,0.674737208961848,0.782941459331237,1,0.675,0.89250064888165,0.709411518718858
0.637879181371562,0.95,0.662178531239055,0.654572116341914,0.769007862918463,0.674737208961848,0.782941459331237,1,0.675,0.89250064888165,0.709411518718858
0.16517698312588,0.01,0.114542533455454,0.157963839388372,0.0625345472438488,0.15492900251053,0.123895534925398,0,0.170731707317073,0.00111438918095124,0.0991554369972323
0.2478929369018,0.0126666666666667,0.172711489719551,0.223189903345431,0.150296824375665,0.242746601394474,0.123895534925398,0,0.175,0.0692115074365322,0.190187001240454
0.120445749892481,0.048,0.154952824467935,0.137269910061626,0.133824171977696,0.123562779051602,0.123895534925398,0,0.125,0.00760227637175161,0.0736880609415389
0.240213940247577,0.362666666666667,0.314749402664568,0.361461881896802,0.156867166647529,0.233058240848983,0.123895534925398,0,0.219512195121951,0.0251182333985036,0.164240632964175
0.616643951668469,0.91,0.606435197202156,0.62226812460787,0.529103591897291,0.648509043067394,0.88577901145228,1,0.75,0.833705371784284,0.65951133801621
0.829777881783232,1,0.864059716956099,0.869783861533391,0.789985638949818,0.867896258328163,0.782941459331237,1,0.878048780487805,0.980489918086712,0.893249032562671
0.183017765274631,0.00666666666666667,0.177483262812774,0.259315448246236,0.146980456511296,0.179252637565778,0.123895534925398,0,0.209302325581395,0.0159451157694335,0.119266718238641
0.481464023133774,0.086,0.335950324078452,0.325098446314855,0.417545965515042,0.497866892249012,0.403351466147044,0.305521478112746,0.45,0.606586974937852,0.516397327129784
0.645585502247618,0.669333333333333,0.566984768944347,0.605354267835397,0.771421692277641,0.685505709578925,0.782941459331237,1,0.65,0.916709668873138,0.742769124248163
0.649169158438947,0.932666666666667,0.679130675586336,0.66710193478864,0.770473627504151,0.686884327928915,0.782941459331237,1,0.666666666666667,0.899617769967849,0.720254717554093
0.647320880937095,0.268666666666667,0.546695762245323,0.479940820297538,0.57593260961477,0.684329794785118,0.322772839490105,0.305521478112746,0.609756097560976,0.892952844642018,0.718168824130727
0.177655702841688,0.252,0.232213511902156,0.391815451646955,0.0798584683102758,0.15446100600585,0.123895534925398,0,0.195121951219512,0.0000000158724753979666,0.079355659573074
0.556933028730997,0.907333333333333,0.779991586119997,0.710010237404324,0.713737085098446,0.578547667250969,0.832475881124872,1,0.6,0.479359997745112,0.564583364226211
0.221398306084604,0.410666666666667,0.200668495151912,0.213674057433031,0.145349506285416,0.217085661475937,0.123895534925398,0,0.227272727272727,0.0563046552184483,0.166812417915439
0.518360890622229,0.064,0.361285335428984,0.37736012952302,0.458377144058879,0.538983313392741,0.403351466147044,0.305521478112746,0.475,0.661150550198046,0.556064782488842
0.789558202514017,0.790666666666667,0.727256380723914,0.748155000891743,0.781807945594064,0.832758605805967,0.782941459331237,1,0.833333333333333,0.974285784282934,0.877939795951374
0.70992082391184,0.831333333333333,0.648879883883966,0.632908450626555,0.780333011578825,0.752922114828435,0.782941459331237,1,0.6,0.947689551123199,0.798926408881952
0.174675705749008,0.0353333333333333,0.1453884586307,0.198206481021302,0.135215206706662,0.173271343909738,0.123895534925398,0,0.2,0.0360252151737462,0.127019177335811
0.849630812166227,0.998,0.866328417990133,0.89896748308835,0.791226962902014,0.885185694889117,0.782941459331237,1,0.916666666666667,0.983853677657952,0.907539873764578
0.88198036475063,0.978666666666667,0.873553430366766,0.87410519261928,0.780239834432345,0.912905330714914,0.782941459331237,1,0.9,0.990707472904158,0.938070731550264
0.829777881783232,1,0.864059716956099,0.869783861533391,0.789985638949818,0.867896258328163,0.782941459331237,1,0.878048780487805,0.980489918086712,0.893249032562671
0.506064311123713,0.151333333333333,0.346064671164167,0.357819803745033,0.4446777952161,0.525272414203957,0.403351466147044,0.305521478112746,0.475,0.643586508425911,0.542896383933489
0.0802634981653203,0.216666666666667,0.103892479568501,0.108734625453601,0.100432893813511,0.0900769766298223,0.123895534925398,0,0.15,0.00731646550589253,0.0528932824490908
0.689238837962342,0.84,0.586104612785913,0.616324049074438,0.777816586400834,0.731591735110367,0.782941459331237,1,0.585365853658537,0.93904802444215,0.78129044022839
0.136089754289527,0,0.121195263244594,0.17677850814169,0.124312558009538,0.138473603787025,0.123895534925398,0,0.15,0.0220676224046614,0.0956291212456391
0.813045064500319,0.878666666666667,0.787758796277942,0.770362473491969,0.781657841225935,0.854272113223577,0.782941459331237,1,0.804878048780488,0.979630834049693,0.894036977109654
0.865723478197469,0.912666666666667,0.835250925936452,0.848756078441384,0.780504890353087,0.89973305153515,0.782941459331237,1,0.875,0.988618551314894,0.928125080551173
0.876760107375775,0.918666666666667,0.843186023355034,0.866349351221832,0.780299886928223,0.908722413886909,0.782941459331237,1,0.878048780487805,0.990067217771298,0.934907282044251
0.581193099418065,0.622666666666667,0.545598030741247,0.549649213533166,0.507929777243849,0.609493058513418,0.88577901145228,1,0.697674418604651,0.802362115931274,0.622817413894273
