0.0237077863090232,0,0.0243403118526196,0.0170329257508043,0.00863302610970762,0.000331942990315981,0.005138664652666,0,0,0.00000000215133732880172,0.0000355981929035297
0.0694005727228559,0.00733333333333333,0.052949343088175,0.0775297901116361,0.0392326153117053,0.00064801372452801,0.0886140067533309,0.300461156133513,0.0227272727272727,0.000000120526306744423,0.000365245858798098
0.0164012581251257,0.00533333333333333,0.0244357511370282,0.0197053037083555,0.00723359441010585,0.000317613631066434,0.005138664652666,0,0,0.000000000969638275666911,0.0000203713756867824
0.985263388844475,0.878,0.937663686703138,0.670053706076488,0.979695488469293,0.957702906794617,0.943876074047603,1,0.975,1,0.999976148208514
0.023729359500852,0,0.0254863894209391,0.014240577294539,0.0111289918150747,0.00042939549116212,0.005138664652666,0,0,0.0000000045601648552525,0.0000548613047350082
0.00565015872455978,0,0.0244105003674135,0.029384587583198,0.00315788764114855,0.000316283557396906,0.005138664652666,0,0,0.000000000303548415980266,0.00000184086281724983
0.0116062604102614,0,0.0243151572474389,0.00895726885976844,0.00409755213414931,0.000317541998726548,0.005138664652666,0,0,0.000000000369114396472053,0.0000104849266098334
0.00742597660109838,0,0.0243151572474389,0.00969714083304241,0.00287362666952962,0.000316566644174138,0.005138664652666,0,0,0.000000000185800022386528,0.00000423494718233001
0.0134101321805658,0.00733333333333333,0.0418586306925991,0.0411768088919151,0.0085754286814318,0.000330778784467322,0.0886140067533309,0.300461156133513,0,0.00000000539937538573755,0.00000738663937141327
0.0367145192742693,0,0.0247081856516181,0.0301972100839661,0.0153485625331332,0.000364491543051505,0.005138664652666,0,0.025,0.00000000610605306198953,0.0000881302997710621
0.0478592400180214,0,0.0252324327215732,0.0318220501410953,0.0236050931253778,0.000559579377273687,0.005138664652666,0,0.0487804878048781,0.0000000140444720588881,0.000141046908110979
0.0180968354597467,0,0.0243403118526196,0.0120842015541942,0.0065353317085608,0.000320416788920877,0.005138664652666,0,0,0.000000000876485279475107,0.0000259584517305524
0.0434304028858955,0,0.0364160896677622,0.046500795349656,0.0218772271619194,0.000355147456531735,0.0436197916666667,0,0.0465116279069767,0.00000000843950877661768,0.000159096703569746
0.0388455945206899,0,0.0283145341111915,0.027511614289508,0.0203409318678094,0.000412867988580934,0.005138664652666,0,0.025,0.0000000051643171955262,0.000203687242027697
0.00883347834797047,0,0.0243151572474389,0.013382026315821,0.00342469770036502,0.000316473875144078,0.005138664652666,0,0,0.000000000267882926529351,0.00000764562996431139
0.0214830908865361,0.00266666666666667,0.0353996061543622,0.0496234472335078,0.01229808710671,0.00043968890729378,0.005138664652666,0,0,0.0000000245024610239768,0.0000817143841524155
0.0180968354597467,0,0.0243403118526196,0.0120842015541942,0.0065353317085608,0.000320416788920877,0.005138664652666,0,0,0.000000000876485279475107,0.0000259584517305524
0.0159336488742457,0.00333333333333333,0.0379205078567124,0.0216790904590464,0.00812002718647542,0.000328028331736002,0.0886140067533309,0.300461156133513,0,0.00000000365617048336301,0.0000133355542659817
0.0281138941154633,0,0.0247081856516181,0.0218830435556323,0.0114979534746515,0.000328971485458704,0.005138664652666,0,0,0.00000000248769245316391,0.0000642661464327272
0.999374336501924,0.990666666666667,0.959641504308444,0.64987511732405,0.948256747244344,0.957702906794617,0.943876074047603,1,1,1,0.999999928210507
0.0051110871131255,0,0.0244105003674135,0.0227623037867571,0.00289542112261132,0.000316113041921789,0.005138664652666,0,0,0.000000000149174618772333,0.00000242345286760829
0.00799875806803267,0,0.0244105003674135,0.0215018893297503,0.00399705758701197,0.000316209807783945,0.005138664652666,0,0,0.000000000296353566979335,0.00000600002604440483
0.969626876300167,0.887333333333333,0.940072443203582,0.596651760093195,0.941352476004397,0.957702906794617,0.943876074047603,1,0.975609756097561,1,0.998186621291269
0.0116062604102614,0,0.0243151572474389,0.00895726885976844,0.00409755213414931,0.000317541998726548,0.005138664652666,0,0,0.000000000369114396472053,0.0000104849266098334
0.00624133004656975,0,0.0243151572474389,0.0200999058760202,0.00286255163098992,0.000316680375079904,0.005138664652666,0,0,0.000000000274386567521453,0.00000234575181287507
0.0376987048228511,0.026,0.0427266342212154,0.0446933502629747,0.021737901167029,0.00414896405977926,0.005138664652666,0,0.0454545454545455,0.000000059907057000229,0.0000812854088647233
0.103225054174699,0.366666666666667,0.189658568702181,0.292105376048883,0.169017687703027,0.957648350471171,0.005138664652666,0,0.325,0.00121371008206194,0.0107109246713392
0.00883347834797047,0,0.0243151572474389,0.013382026315821,0.00342469770036502,0.000316473875144078,0.005138664652666,0,0,0.000000000267882926529351,0.00000764562996431139
0.0881224715714716,0.148666666666667,0.148698480837738,0.43469379184073,0.284858333351583,0.939485778885998,0.005138664652666,0,0.35,0.99851959788581,0.00215192389228127
0.0411799977030294,0.00133333333333333,0.0268758817877127,0.0402403964832121,0.0224307660626841,0.000484804064689433,0.005138664652666,0,0.025,0.000000023473697376952,0.000131019736443267
0.0328763486562294,0,0.028305908819478,0.0453101412618294,0.010466041366887,0.000322523437124796,0.005138664652666,0,0,0.0000000121600882234647,0.0000708133083131202
0.00742597660109838,0,0.0243151572474389,0.00969714083304241,0.00287362666952962,0.000316566644174138,0.005138664652666,0,0,0.000000000185800022386528,0.00000423494718233001
0.0281138941154633,0,0.0247081856516181,0.0218830435556323,0.0114979534746515,0.000328971485458704,0.005138664652666,0,0,0.00000000248769245316391,0.0000642661464327272
0.0367145192742693,0,0.0247081856516181,0.0301972100839661,0.0153485625331332,0.000364491543051505,0.005138664652666,0,0.025,0.00000000610605306198953,0.0000881302997710621
0.0367145192742693,0,0.0247081856516181,0.0301972100839661,0.0153485625331332,0.000364491543051505,0.005138664652666,0,0.025,0.00000000610605306198953,0.0000881302997710621
0.00624133004656975,0,0.0243151572474389,0.0200999058760202,0.00286255163098992,0.000316680375079904,0.005138664652666,0,0,0.000000000274386567521453,0.00000234575181287507
0.0116062604102614,0,0.0243151572474389,0.00895726885976844,0.00409755213414931,0.000317541998726548,0.005138664652666,0,0,0.000000000369114396472053,0.0000104849266098334
0.027651170988019,0,0.0228719661444338,0.0197121928228033,0.0121458896317777,0.000344981541643758,0.005138664652666,0,0,0.00000000381443421816140,0.0000564866492398622
0.999611483796948,0.998,0.961165010807068,0.61456751644698,0.951560321145035,0.957702906794617,0.943876074047603,1,1,1,0.99999987546947
0.0199962731845919,0,0.0247261532635459,0.0136552488148937,0.00821545606381957,0.00033883135105598,0.005138664652666,0,0,0.00000000208386566121274,0.0000230130729415318
0.0347272184514999,0.028,0.0480079350683883,0.0256841393382985,0.0204165467931057,0.000576875508536415,0.005138664652666,0,0.05,0.00000000593061564145816,0.00026077205280926
0.947793245916974,0.891333333333333,0.916887597098948,0.636847376213554,0.979093168332946,0.957702906794613,0.943876074047603,1,0.925,1,0.999820669764785
0.998968576605727,0.982666666666667,0.952301684962664,0.531493475820484,0.968420275637543,0.957702906794617,0.943876074047603,1,1,1,0.999990524189432
0.991151182896603,0.924,0.939138550877605,0.547986116394712,0.963891692297643,0.957702906794617,0.943876074047603,1,0.975,1,0.999992447853251
0.999390791989242,0.995333333333333,0.956347698916429,0.626065366901867,0.953426781962147,0.957702906794617,0.943876074047603,1,1,1,0.999999850409778
0.0116062604102614,0,0.0243151572474389,0.00895726885976844,0.00409755213414931,0.000317541998726548,0.005138664652666,0,0,0.000000000369114396472053,0.0000104849266098334
0.00474409939065152,0,0.0243151572474389,0.0153824542973603,0.00227319484194355,0.000316234643536476,0.005138664652666,0,0,0.000000000111788971367273,0.00000171052325752373
0.975146815218185,0.93,0.911451816108259,0.607563378961523,0.956855137642155,0.957702906794617,0.0886140067533309,0.744559586344221,0.975,1,0.998216158473419
0.0478592400180214,0,0.0252324327215732,0.0318220501410953,0.0236050931253778,0.000559579377273687,0.005138664652666,0,0.0487804878048781,0.0000000140444720588881,0.000141046908110979
0.0281138941154633,0,0.0247081856516181,0.0218830435556323,0.0114979534746515,0.000328971485458704,0.005138664652666,0,0,0.00000000248769245316391,0.0000642661464327272
0.00474409939065152,0,0.0243151572474389,0.0153824542973603,0.00227319484194355,0.000316234643536476,0.005138664652666,0,0,0.000000000111788971367273,0.00000171052325752373
0.00474409939065152,0,0.0243151572474389,0.0153824542973603,0.00227319484194355,0.000316234643536476,0.005138664652666,0,0,0.000000000111788971367273,0.00000171052325752373
0.00624133004656975,0,0.0243151572474389,0.0200999058760202,0.00286255163098992,0.000316680375079904,0.005138664652666,0,0,0.000000000274386567521453,0.00000234575181287507
0.0367474826113118,0,0.0251185354765754,0.0226666838406787,0.0173142214923393,0.00037277021908342,0.005138664652666,0,0.025,0.00000000572191675362547,0.000102855330939361
0.995327781118203,0.997333333333333,0.954858268528385,0.685060257480717,0.96616963794968,0.957702906794617,0.943876074047603,1,0.975,1,0.999992621891189
0.990278371502666,0.972,0.938891558500536,0.635196749247079,0.933106948991478,0.957702906794617,0.943876074047603,1,1,1,0.999997097704694
0.00883347834797047,0,0.0243151572474389,0.013382026315821,0.00342469770036502,0.000316473875144078,0.005138664652666,0,0,0.000000000267882926529351,0.00000764562996431139
0.0675045123994522,0.0146666666666667,0.0486906847171207,0.241059519458266,0.0210874750345577,0.000362407814788467,0.005138664652666,0,0.1,0.000474390678952411,0.000167597267590455
0.00360473606966408,0,0.0243151572474389,0.0222411359644108,0.00199076547590515,0.000316110733919693,0.005138664652666,0,0,0.0000000000811302866744856,0.00000124731409996523
0.999909061316216,1,0.963990565698818,0.639971221594216,0.923826331432873,0.957702906794617,0.943876074047603,1,1,1,0.999999997203345
0.0327655630789877,0,0.0232127745877185,0.0252786670249737,0.0164675340834392,0.0003395010568402,0.005138664652666,0,0,0.00000000441080954070008,0.000101974788824696
0.972533235894402,0.939333333333333,0.934627127335789,0.516965769291087,0.979966966386611,0.957702906794616,0.943876074047603,1,0.975,1,0.991608096275809
0.0214830908865361,0,0.0247081856516181,0.0291501604099084,0.00919741069779512,0.000319611611207881,0.005138664652666,0,0,0.00000000180543035279901,0.0000468636881631097
0.772824782114593,0.693333333333333,0.550252783829925,0.502555506833756,0.87699823942807,0.957702906794613,0.0886140067533309,0.300461156133513,0.95,1,0.283385817594113
0.962192837326311,0.996,0.942084908128534,0.679530086811145,0.97397682070534,0.957702906794617,0.943876074047603,1,1,1,0.999357571903331
0.98332652428483,0.912666666666667,0.934215536746646,0.744615912886783,0.988047679419654,0.957702906794548,0.943876074047603,1,0.975,0.999999999999779,0.999867704105233
0.0281393611378634,0,0.0251185354765754,0.0297199255461587,0.0134676575930895,0.000331075124308698,0.005138664652666,0,0,0.00000000415265246281114,0.0000750041941935281
0.918053667523946,0.983333333333333,0.900414914953528,0.657806832160905,0.93315291118133,0.957702906794617,0.943876074047603,1,0.925,1,0.998639540599377
0.0281138941154633,0,0.0247081856516181,0.0218830435556323,0.0114979534746515,0.000328971485458704,0.005138664652666,0,0,0.00000000248769245316391,0.0000642661464327272
0.023729359500852,0,0.0246619408398366,0.0127581008646808,0.00986125970994867,0.000334541871554292,0.005138664652666,0,0,0.00000000201599510786056,0.0000415463928064266
0.0621686177021715,0.004,0.0407646201335521,0.0479165651173615,0.0375266817137033,0.00245115203632253,0.0886140067533309,0.300461156133513,0.0714285714285714,0.0000000732921468550516,0.000225729382557051
0.0116062604102614,0,0.0243151572474389,0.00895726885976844,0.00409755213414931,0.000317541998726548,0.005138664652666,0,0,0.000000000369114396472053,0.0000104849266098334
0.0435762094369231,0.03,0.0591836264838022,0.103257762988009,0.0354743610631911,0.00127805812471337,0.0886140067533309,0.300461156133513,0.025,0.000000642085418290066,0.000199082005844258
0.0116062604102614,0,0.0243151572474389,0.00895726885976844,0.00409755213414931,0.000317541998726548,0.005138664652666,0,0,0.000000000369114396472053,0.0000104849266098334
0.00429413116603298,0,0.0244105003674135,0.0233721283312692,0.00260412957914091,0.000316124336612567,0.005138664652666,0,0,0.000000000123669921198064,0.00000134235779548871
0.0180968354597467,0,0.0243403118526196,0.0120842015541942,0.0065353317085608,0.000320416788920877,0.005138664652666,0,0,0.000000000876485279475107,0.0000259584517305524
0.933829862335632,0.790666666666667,0.751992438274276,0.52964359999876,0.921014429022995,0.957702906771608,0.0886140067533309,0.300461156133513,0.975,1,0.819553070493345
0.96912216920643,0.767333333333333,0.740505509147396,0.544859349114867,0.952054660726664,0.957702906794599,0.005138664652666,0,0.925,1,0.997370053800856
0.999253376877908,0.984,0.956291059749876,0.619199879554734,0.984686904935908,0.957702906794617,0.943876074047603,1,0.975,1,0.999999485808203
0.0171079964167465,0,0.0244753476947731,0.0185085049115105,0.00564495687887112,0.000317688481700362,0.005138664652666,0,0,0.00000000104282745496316,0.0000232686406144907
0.00360473606966408,0,0.0243151572474389,0.0222411359644108,0.00199076547590515,0.000316110733919693,0.005138664652666,0,0,0.0000000000811302866744856,0.00000124731409996523
0.999025004418793,0.976666666666667,0.947444379764303,0.512133014109209,0.961264770003299,0.957702906794617,0.943876074047603,1,1,1,0.999998973171774
0.0214830908865361,0,0.0247081856516181,0.0291501604099084,0.00919741069779512,0.000319611611207881,0.005138664652666,0,0,0.00000000180543035279901,0.0000468636881631097
0.997370106618632,0.966666666666667,0.944561990098743,0.648937121853292,0.966730344690982,0.957702906794617,0.943876074047603,1,0.975,1,0.999980236323261
0.97887938336473,0.928,0.891155209827837,0.52593859769817,0.977328155845638,0.957702906794617,0.956612723214286,1,1,1,0.989676387195475
0.999987145444139,1,0.96464280740241,0.535916102292308,0.90506068543521,0.957702906794617,0.943876074047603,1,1,1,0.999999998998788
0.00742597660109838,0.000666666666666667,0.0327468032072542,0.02085169712424,0.00411527557709368,0.000331691735164524,0.005138664652666,0,0,0.00000000252159153767283,0.00000738454624012068
0.00672335612793565,0,0.0244105003674135,0.0157769275141935,0.00326386164893777,0.000316242942554866,0.005138664652666,0,0,0.00000000020554687860458,0.00000332343768347269
0.0310595169771038,0.000666666666666667,0.036615058090506,0.0215163108980234,0.0155855471678878,0.00039904831412019,0.0886140067533309,0.300461156133513,0,0.000000010520624512083,0.0000664942044965387
0.0116062604102614,0,0.0243151572474389,0.00895726885976844,0.00409755213414931,0.000317541998726548,0.005138664652666,0,0,0.000000000369114396472053,0.0000104849266098334
0.0180968354597467,0,0.0243403118526196,0.0120842015541942,0.0065353317085608,0.000320416788920877,0.005138664652666,0,0,0.000000000876485279475107,0.0000259584517305524
0.0281138941154633,0,0.0247081856516181,0.0218830435556323,0.0114979534746515,0.000328971485458704,0.005138664652666,0,0,0.00000000248769245316391,0.0000642661464327272
0.0116062604102614,0,0.0243151572474389,0.00895726885976844,0.00409755213414931,0.000317541998726548,0.005138664652666,0,0,0.000000000369114396472053,0.0000104849266098334
0.362666452973189,0.416,0.355187776615352,0.473012696035206,0.451927388969365,0.957688842862626,0.0886140067533309,0.744559586344221,0.575,0.0482121876305322,0.0151120066889763
0.127029211133237,0.127333333333333,0.117145421315662,0.127067615104653,0.0676456784512502,0.00262344146694423,0.0436197916666667,0,0.121951219512195,0.000000530159666730706,0.000951890349883965
0.00360473606966408,0,0.0243151572474389,0.0222411359644108,0.00199076547590515,0.000316110733919693,0.005138664652666,0,0,0.0000000000811302866744856,0.00000124731409996523
0.0315391153982181,0.00133333333333333,0.0249425788218484,0.0360549277995181,0.0131120209805475,0.000322224187454939,0.005138664652666,0,0,0.00000000451175586259654,0.0000619964471216401
0.0446395414383645,0.218,0.192291062259712,0.0855000262790518,0.0400247069641748,0.291395490999224,0.943876074047603,1,0.1,0.000000252997882754693,0.000794294121972726
0.960767604003041,0.864,0.883874242604936,0.61538130183456,0.953846334053216,0.957702906794617,0.943876074047603,1,1,1,0.99619025755808
0.0211781990596965,0.00933333333333333,0.103035869442854,0.087104150341591,0.020333674871545,0.000761778422119028,0.005138664652666,0,0.0232558139534884,0.0000000375172459048029,0.000311694832166761
0.00564617609760713,0,0.0243151572474389,0.0145567089029853,0.00245869218797612,0.00031620303712396,0.005138664652666,0,0,0.000000000134843436667169,0.00000308812693481895
0.0137950711996315,0,0.0243403118526196,0.0172769254378952,0.00533917188887378,0.000317269297671208,0.005138664652666,0,0,0.000000000636104806538307,0.0000189290355001348
0.05654385570614,0.0113333333333333,0.0560825498015679,0.0788452038373036,0.0404636310114134,0.00366604090009243,0.0886140067533309,0.300461156133513,0.0454545454545455,0.000000166298801709424,0.000392344625874147
0.0281138941154633,0,0.0247081856516181,0.0218830435556323,0.0114979534746515,0.000328971485458704,0.005138664652666,0,0,0.00000000248769245316391,0.0000642661464327272
0.00360473606966408,0,0.0243151572474389,0.0222411359644108,0.00199076547590515,0.000316110733919693,0.005138664652666,0,0,0.0000000000811302866744856,0.00000124731409996523
0.925057398383558,0.933333333333333,0.941698314585204,0.616089213742474,0.944006566502282,0.957702906794506,0.943876074047603,1,0.975,1,0.9926311550666
0.00883347834797047,0,0.0243151572474389,0.013382026315821,0.00342469770036502,0.000316473875144078,0.005138664652666,0,0,0.000000000267882926529351,0.00000764562996431139
0.0200328197115432,0.0233333333333333,0.0543744669029353,0.0519039324919642,0.0124768743979817,0.000347000438943194,0.0886140067533309,0.300461156133513,0,0.0000000380716035759039,0.0000313463445599065
0.998444494666569,0.991333333333333,0.925211288251139,0.560102424335445,0.947702875923344,0.957702906794617,0.956612723214286,1,1,1,0.999942953533442
0.0837897109793769,0.0953333333333333,0.093792276504097,0.0930349439158201,0.0665160475234766,0.82285657614384,0.0886140067533309,0.300461156133513,0.146341463414634,0.00000393969272038747,0.000672746199199196
0.0137950711996315,0,0.0243403118526196,0.0172769254378952,0.00533917188887378,0.000317269297671208,0.005138664652666,0,0,0.000000000636104806538307,0.0000189290355001348
0.0328763486562294,0,0.028305908819478,0.0453101412618294,0.010466041366887,0.000322523437124796,0.005138664652666,0,0,0.0000000121600882234647,0.0000708133083131202
0.021199427589651,0.00133333333333333,0.0279801948936818,0.0306660397329173,0.00649771872607097,0.000318253741032524,0.005138664652666,0,0,0.00000000428434727861896,0.0000286031001090234
0.0116062604102614,0,0.0243151572474389,0.00895726885976844,0.00409755213414931,0.000317541998726548,0.005138664652666,0,0,0.000000000369114396472053,0.0000104849266098334
0.0116062604102614,0,0.0243151572474389,0.00895726885976844,0.00409755213414931,0.000317541998726548,0.005138664652666,0,0,0.000000000369114396472053,0.0000104849266098334
0.00360473606966408,0,0.0243151572474389,0.0222411359644108,0.00199076547590515,0.000316110733919693,0.005138664652666,0,0,0.0000000000811302866744856,0.00000124731409996523
0.00564617609760713,0,0.0243151572474389,0.0145567089029853,0.00245869218797612,0.00031620303712396,0.005138664652666,0,0,0.000000000134843436667169,0.00000308812693481895
0.0116062604102614,0,0.0243151572474389,0.00895726885976844,0.00409755213414931,0.000317541998726548,0.005138664652666,0,0,0.000000000369114396472053,0.0000104849266098334
0.00474850027334025,0,0.0254030165288445,0.0266884390981742,0.00323951747856832,0.000317162804789367,0.005138664652666,0,0,0.000000000422103476110636,0.0000026361804053914
0.00557043342709788,0,0.0279513864014406,0.0430936572453987,0.0028888405175026,0.000316149592935508,0.005138664652666,0,0,0.00000000054643561950956,0.00000188479611001214
0.999516704888145,0.984666666666667,0.924614889348316,0.531047893924021,0.930152325049968,0.957702906794617,0.956612723214286,1,1,1,0.999941257231423
0.0116062604102614,0,0.0243151572474389,0.00895726885976844,0.00409755213414931,0.000317541998726548,0.005138664652666,0,0,0.000000000369114396472053,0.0000104849266098334
0.0323477967195653,0.026,0.0887088860923025,0.0622444119748469,0.0176847263255477,0.0012312184040646,0.005138664652666,0,0.025,0.0000000345544402988398,0.000381313872844439
0.00732653407325929,0.00333333333333333,0.028766338464624,0.0358272280300573,0.0042036384638251,0.000317784180973066,0.005138664652666,0,0,0.00000000170312302569406,0.00000341315222414668
0.0327655630789877,0,0.0232127745877185,0.0252786670249737,0.0164675340834392,0.0003395010568402,0.005138664652666,0,0,0.00000000441080954070008,0.000101974788824696
0.0180968354597467,0,0.0243403118526196,0.0120842015541942,0.0065353317085608,0.000320416788920877,0.005138664652666,0,0,0.000000000876485279475107,0.0000259584517305524
0.0152360250398436,0,0.0243151572474389,0.0125691118357478,0.00533853699436482,0.00032140590775784,0.005138664652666,0,0,0.000000000905993059906286,0.0000143786150534537
0.0116062604102614,0,0.0243151572474389,0.00895726885976844,0.00409755213414931,0.000317541998726548,0.005138664652666,0,0,0.000000000369114396472053,0.0000104849266098334
0.0281138941154633,0,0.0247081856516181,0.0218830435556323,0.0114979534746515,0.000328971485458704,0.005138664652666,0,0,0.00000000248769245316391,0.0000642661464327272
0.316462550716982,0.556666666666667,0.419309677962507,0.483765243177394,0.559712425641407,0.957702828883068,0.956612723214286,1,0.825,0.999999999987121,0.0542501095678841
0.996628396609931,0.968,0.95575670923384,0.616017150879742,0.969064234938807,0.957702906794617,0.943876074047603,1,0.975,1,0.999990191339767
0.00360473606966408,0,0.0243151572474389,0.0222411359644108,0.00199076547590515,0.000316110733919693,0.005138664652666,0,0,0.0000000000811302866744856,0.00000124731409996523
0.00474409939065152,0,0.0243151572474389,0.0153824542973603,0.00227319484194355,0.000316234643536476,0.005138664652666,0,0,0.000000000111788971367273,0.00000171052325752373
0.0237077863090232,0,0.0243403118526196,0.0170329257508043,0.00863302610970762,0.000331942990315981,0.005138664652666,0,0,0.00000000215133732880172,0.0000355981929035297
0.00822236866017797,0,0.0366319286508268,0.0288543479957358,0.00530436448002525,0.000319057895188362,0.0886140067533309,0.300461156133513,0,0.00000000134182493395341,0.00000438177867693322
0.00822236866017797,0,0.0366319286508268,0.0288543479957358,0.00530436448002525,0.000319057895188362,0.0886140067533309,0.300461156133513,0,0.00000000134182493395341,0.00000438177867693322
0.0178570684103258,0.00333333333333333,0.0279513864014406,0.0193427132059453,0.00544987016206566,0.000318749758790165,0.005138664652666,0,0,0.00000000248609072937488,0.0000158435277760895
0.00360473606966408,0,0.0243151572474389,0.0222411359644108,0.00199076547590515,0.000316110733919693,0.005138664652666,0,0,0.0000000000811302866744856,0.00000124731409996523
0.0428584939089896,0.0126666666666667,0.0304733074374273,0.0545342107552648,0.0243814161793149,0.00123621275406138,0.005138664652666,0,0.0227272727272727,0.000000154467959311754,0.000136461444015358
0.0152360250398436,0,0.0243151572474389,0.0125691118357478,0.00533853699436482,0.00032140590775784,0.005138664652666,0,0,0.000000000905993059906286,0.0000143786150534537
0.715574511507275,0.838,0.78519091105317,0.5180254416503,0.836278870368295,0.957702906794181,0.956612723214286,1,0.925,1,0.588799853627145
0.99272510799871,0.944666666666667,0.93534674455306,0.644838975974611,0.957296664285972,0.957702906794617,0.943876074047603,1,1,1,0.999932548698662
0.962316035761229,0.926,0.922327878083433,0.600499982919139,0.956911407912122,0.957702906794617,0.943876074047603,1,0.975,1,0.99915099525524
0.0188883716471225,0,0.025235993485068,0.0163582096288486,0.00719186983388631,0.000357561100356698,0.005138664652666,0,0,0.00000000335969396871013,0.0000233397482832017
0.00976130237058323,0,0.0243151572474389,0.0132498298180083,0.0036838185660415,0.000317876491529124,0.005138664652666,0,0,0.000000000456047047924491,0.00000580765311058909
0.0310101762819945,0.00733333333333333,0.0402808698620517,0.0580738045387189,0.0176147979301792,0.00588189120068571,0.005138664652666,0,0.0666666666666667,0.000000128059786965903,0.000166641737515557
0.00474409939065152,0,0.0243151572474389,0.0153824542973603,0.00227319484194355,0.000316234643536476,0.005138664652666,0,0,0.000000000111788971367273,0.00000171052325752373
0.0310875669469392,0.018,0.0543435685565801,0.0583049093507509,0.019249608312644,0.000413832609443575,0.0886140067533309,0.300461156133513,0.025,0.0000000904034052583428,0.0000776045032545499
0.00624711112319102,0,0.0246364622389067,0.0168741677444146,0.00336854256257224,0.000316779189181164,0.005138664652666,0,0,0.000000000257124705788789,0.00000273772514318548
0.0214830908865361,0,0.0247081856516181,0.0291501604099084,0.00919741069779512,0.000319611611207881,0.005138664652666,0,0,0.00000000180543035279901,0.0000468636881631097
0.00360473606966408,0,0.0243151572474389,0.0222411359644108,0.00199076547590515,0.000316110733919693,0.005138664652666,0,0,0.0000000000811302866744856,0.00000124731409996523
0.00564617609760713,0,0.0243151572474389,0.0145567089029853,0.00245869218797612,0.00031620303712396,0.005138664652666,0,0,0.000000000134843436667169,0.00000308812693481895
0.999988927870515,1,0.96440991660143,0.560002385782168,0.903723154942422,0.957702906794617,0.943876074047603,1,1,1,0.999999999706876
0.99792732732639,0.993333333333333,0.957904311011914,0.606508841966351,0.952330184533354,0.957702906794617,0.943876074047603,1,1,1,0.999998313219671
0.0427266698743299,0,0.023218175826466,0.0345231165208227,0.0214611479190076,0.00040702408418753,0.005138664652666,0,0.05,0.0000000108263531499865,0.000139839454511683
0.00360473606966408,0,0.0243151572474389,0.0222411359644108,0.00199076547590515,0.000316110733919693,0.005138664652666,0,0,0.0000000000811302866744856,0.00000124731409996523
0.00360473606966408,0,0.0243151572474389,0.0222411359644108,0.00199076547590515,0.000316110733919693,0.005138664652666,0,0,0.0000000000811302866744856,0.00000124731409996523
0.00360473606966408,0,0.0243151572474389,0.0222411359644108,0.00199076547590515,0.000316110733919693,0.005138664652666,0,0,0.0000000000811302866744856,0.00000124731409996523
0.00360473606966408,0,0.0243151572474389,0.0222411359644108,0.00199076547590515,0.000316110733919693,0.005138664652666,0,0,0.0000000000811302866744856,0.00000124731409996523
0.0158483788610564,0.000666666666666667,0.0446294037412562,0.0198898378005686,0.00914722043339411,0.000320833447949476,0.005138664652666,0,0,0.00000000278415598725858,0.0000264005120042032
0.0137950711996315,0,0.0243403118526196,0.0172769254378952,0.00533917188887378,0.000317269297671208,0.005138664652666,0,0,0.000000000636104806538307,0.0000189290355001348
0.0163005352371728,0.0526666666666667,0.0303600174366383,0.428902542673863,0.124016477659063,0.0127150344099895,0.005138664652666,0,0.275,1,0.00000277301292410041
0.00557043342709788,0,0.0279513864014406,0.0430936572453987,0.0028888405175026,0.000316149592935508,0.005138664652666,0,0,0.00000000054643561950956,0.00000188479611001214
0.915696302734281,0.695333333333333,0.821400935430404,0.503655434997078,0.855207710631494,0.957702906794617,0.943876074047603,1,0.925,1,0.993468850446155
0.00883347834797047,0,0.0243151572474389,0.013382026315821,0.00342469770036502,0.000316473875144078,0.005138664652666,0,0,0.000000000267882926529351,0.00000764562996431139
0.0143841416719452,0.00266666666666667,0.0276381923571433,0.0177547960057852,0.00595730869654676,0.000322746096752988,0.005138664652666,0,0.0238095238095238,0.00000000370253370665483,0.0000117525727415513
0.013575836094525,0,0.0283594523170005,0.0206342168104019,0.00555240840563331,0.000323971527815725,0.005138664652666,0,0,0.00000000126362881590268,0.0000308820530073822
0.00564617609760713,0,0.0243151572474389,0.0145567089029853,0.00245869218797612,0.00031620303712396,0.005138664652666,0,0,0.000000000134843436667169,0.00000308812693481895
0.97911382838075,0.914666666666667,0.884972789901861,0.578421510503148,0.913577171037313,0.957702906794617,0.943876074047603,1,1,1,0.999238356278035
0.8952035725622,0.803333333333333,0.829998823376392,0.53349437223725,0.879308077481513,0.957702906794616,0.943876074047603,1,0.95,1,0.947674829736539
0.954165656926408,0.796,0.82197036557969,0.546168182077756,0.934562625547078,0.957702906794617,0.943876074047603,1,0.95,1,0.989187803788181
