0.0346324918844638,0.00133333333333333,0.0345597070885107,0.0326173395397862,0.0145681145746033,0.0105803224419795,0.00903298212919397,0,0,0.0000000130144316141142,0.000382027666765982
0.234619305898849,0.595333333333333,0.35723806795873,0.358193445360627,0.345693935440349,0.943882260018271,0.942319885967187,1,0.475,0.0556420677680141,0.0338445898013283
0.999688947167727,0.999333333333333,0.967671168152762,0.530018377867443,0.964232152849701,0.946417549124228,0.942319885967187,1,1,1,0.999999703646518
0.946720946921585,0.971333333333333,0.953977443914671,0.604784016396045,0.95746194118383,0.946417548888618,0.942319885967187,1,1,1,0.998512779784374
0.979012262791221,0.905333333333333,0.939983985213968,0.733668351944512,0.982062230967175,0.946417549118702,0.942319885967187,1,0.95,0.999999999999524,0.999330454825965
0.999895015956121,1,0.96828072822865,0.553388566593524,0.919581685026915,0.946417549124228,0.942319885967187,1,1,1,0.999999949617213
0.96690659528786,0.917333333333333,0.913146492288859,0.520520161456646,0.950678214520345,0.946417549122403,0.942319885967187,1,0.975,1,0.99702730845263
0.0572441750837933,0.0766666666666667,0.0985110375242428,0.0823134757081558,0.046456668485341,0.0160109787071636,0.00903298212919397,0,0.0888888888888889,0.000000348558359597476,0.00184189874344807
0.154673341977345,0.482,0.318524829215015,0.269049137021516,0.245457121011093,0.933523336502259,0.942319885967187,1,0.325,0.0013986972752151,0.0107408132915787
0.0145763438670461,0,0.0266237847533781,0.018610569840097,0.00711445395899757,0.0100828828986807,0.00903298212919397,0,0,0.00000000144067874332842,0.0000415047394734514
0.0126194721121831,0,0.0266273215564898,0.0181157446250819,0.00664852331566679,0.0100335789450229,0.00903298212919397,0,0,0.000000000792076093220174,0.0000358534779604391
0.999782021524185,1,0.96828072822865,0.643383994032261,0.933051762383482,0.946417549124228,0.942319885967187,1,1,1,0.999999865824359
0.998828350119689,0.999333333333333,0.967013049856241,0.716611933853895,0.936163451225861,0.946417549124228,0.942319885967187,1,1,1,0.999996929435584
0.0130236911971103,0.00133333333333333,0.0609473186382278,0.061264875364233,0.0126859252112511,0.0100958712047416,0.112564854608938,0,0,0.00000000447822494391563,0.0000345170284845781
0.0136035406991257,0.00133333333333333,0.0616935181786689,0.0518509216895972,0.0130280302442584,0.0102928482965988,0.112564854608938,0,0,0.0000000049680084859463,0.0000292583122173224
0.0422065871143464,0.058,0.0665921184939677,0.0572411790261496,0.0288024695413323,0.0113920310175999,0.00903298212919397,0,0.05,0.00000027729014300295,0.000562735582437428
0.0130236911971103,0.00133333333333333,0.0609473186382278,0.061264875364233,0.0126859252112511,0.0100958712047416,0.112564854608938,0,0,0.00000000447822494391563,0.0000345170284845781
0.0382706096322536,0,0.0300016635834806,0.0273438271270825,0.0166399759906597,0.0115461768424081,0.00903298212919397,0,0,0.00000000985159324607472,0.00033190768098834
0.056671521847796,0,0.0366693977840665,0.0464224410189133,0.0257604053642638,0.0150128393676942,0.00903298212919397,0,0,0.000000025875987384779,0.000677256404341395
0.0255125771059943,0,0.0290136409393694,0.0208616164698169,0.0123713331833335,0.0104894971713916,0.00903298212919397,0,0,0.00000000395018976094299,0.000139273732717091
0.00721289097613697,0,0.0266226215532562,0.0385908675613487,0.00614192434163108,0.0100026265618998,0.00903298212919397,0,0,0.000000000386627820464514,0.0000129939321828374
0.00833845714746631,0,0.0266226215532562,0.0234331419431619,0.00573740588312244,0.0100094513883704,0.00903298212919397,0,0,0.000000000437731880905412,0.0000150421031361947
0.0075360035228555,0.000666666666666667,0.0271152703852181,0.031451960919501,0.00617497328202066,0.0100125298902541,0.00903298212919397,0,0,0.000000000428913312280092,0.0000110142528122717
0.0535758155511803,0.0786666666666667,0.0575870367114974,0.102539177335172,0.0569122242464299,0.0336557495424352,0.00903298212919397,0,0.0454545454545455,0.00000717894136255346,0.000435767921577771
0.134882847518502,0.350666666666667,0.226922812836418,0.230153773057417,0.163838583673637,0.597764943531675,0.112564854608938,0,0.25,0.000284535038551205,0.00560487423253836
0.00721289097613697,0,0.0266226215532562,0.0385908675613487,0.00614192434163108,0.0100026265618998,0.00903298212919397,0,0,0.000000000386627820464514,0.0000129939321828374
0.997203376976487,0.951333333333333,0.962190404121092,0.657230587474491,0.957037631076909,0.946417549124228,0.942319885967187,1,0.975,1,0.9999939825856
0.0426040141573596,0.002,0.0408170930578089,0.0352184968905985,0.0356354042382742,0.0265455846848304,0.00903298212919397,0,0.05,0.0000000544395599544894,0.000344401703145341
0.0109223982025667,0,0.0266273215564898,0.0313280560354018,0.00686138240904155,0.0100128070221054,0.00903298212919397,0,0,0.000000000699603266143197,0.0000309716651397452
0.0109223982025667,0,0.0266273215564898,0.0313280560354018,0.00686138240904155,0.0100128070221054,0.00903298212919397,0,0,0.000000000699603266143197,0.0000309716651397452
0.0452672779017364,0.114,0.0823787638221932,0.171770540361446,0.0535379987683096,0.017685095945868,0.00903298212919397,0,0.1,0.000116822685823873,0.000449774195218383
0.967928424368279,0.981333333333333,0.954188745570321,0.740830800012619,0.97623532928274,0.946417549120157,0.942319885967187,1,0.95,1,0.998914357736213
0.122686246657252,0.260666666666667,0.170629616910892,0.134436409708403,0.132530257465325,0.670271101320722,0.112564854608938,0,0.125,0.0000153437460575889,0.00352187140638303
0.0138286174047965,0,0.0278393982153367,0.0201436532191902,0.008146824876342,0.0100757273793931,0.00903298212919397,0,0,0.00000000125277338714343,0.0000492516251109393
0.0697592673283016,0.00933333333333333,0.0512901301267873,0.0588786424196988,0.0335328638726733,0.0186497049298073,0.00903298212919397,0,0.0487804878048781,0.000000074456275506216,0.00229456268657673
0.0111302120260109,0,0.0319381507655826,0.028438032215563,0.00993967693161413,0.0100482281683856,0.00903298212919397,0,0,0.000000000921876334862722,0.0000209947719916305
0.99775552356385,0.995333333333333,0.968271862605555,0.736990674695889,0.971839681443725,0.946417549124228,0.942319885967187,1,0.975,1,0.999998359568509
0.0190561506962846,0,0.0266273215564898,0.0185176847064481,0.00828026865651055,0.0101071795563564,0.00903298212919397,0,0,0.00000000168263735692409,0.0000854557941546753
0.00651804454333881,0.000666666666666667,0.0271152703852181,0.0498566154774784,0.0068438759287518,0.0100039260818763,0.00903298212919397,0,0,0.000000000378838796826704,0.00000951451896706872
0.0150422893305616,0.028,0.07076209285326,0.0461591951685747,0.0151331009110359,0.0102473713546196,0.112564854608938,0,0,0.0000000115331330526938,0.000044526028247029
0.0190561506962846,0,0.0266273215564898,0.0185176847064481,0.00828026865651055,0.0101071795563564,0.00903298212919397,0,0,0.00000000168263735692409,0.0000854557941546753
0.021988914911985,0,0.0266237847533781,0.0189138125192545,0.00918194938632111,0.0102583854994983,0.00903298212919397,0,0,0.00000000306048862203093,0.0000989246495326761
0.0248779961036653,0,0.0275742894706435,0.0411392577505469,0.0104693721496024,0.0101384359356465,0.00903298212919397,0,0,0.00000000370649965957860,0.000175940217196071
0.0208689965868421,0,0.0319116007568375,0.023918438446434,0.0125829381256571,0.0102527547377078,0.00903298212919397,0,0,0.0000000060537218439479,0.000130807593964428
0.0130236911971103,0.028,0.07076209285326,0.0682340757155292,0.0150266992158035,0.0101025759485946,0.112564854608938,0,0,0.0000000101866697299798,0.0000384634056117113
0.992971239147093,0.978,0.94618573280592,0.516750993659736,0.948687301851435,0.946417549124228,0.942319885967187,1,1,1,0.99960318579166
0.0165079405664562,0,0.0266273215564898,0.0322154028579172,0.00820963714106315,0.0100437997087229,0.00903298212919397,0,0,0.00000000148619381500991,0.0000738206240403708
0.0753705486413163,0.142666666666667,0.124464366664953,0.0959540941728309,0.0545120996369775,0.0547670329037921,0.112564854608938,0,0.075,0.0000020428284282026,0.00159912114576359
0.0418318483123985,0.04,0.0996900845866835,0.078866000775384,0.0306947090444651,0.0131110398087628,0.00903298212919397,0,0.0222222222222222,0.0000000288437924467938,0.0011866135662316
0.0140814766267416,0.0473333333333333,0.0470563769385305,0.0854084769355462,0.0292561053474986,0.0102105879670601,0.00903298212919397,0,0,0.000000032581053463403,0.0000387481455977841
0.00833845714746631,0,0.0266226215532562,0.0234331419431619,0.00573740588312244,0.0100094513883704,0.00903298212919397,0,0,0.000000000437731880905412,0.0000150421031361947
0.0382706096322536,0.000666666666666667,0.0345765017024966,0.0314569589506044,0.0203155757675987,0.011657323922771,0.00903298212919397,0,0,0.0000000224095321877099,0.000369842545896182
0.00833845714746631,0,0.0266226215532562,0.0234331419431619,0.00573740588312244,0.0100094513883704,0.00903298212919397,0,0,0.000000000437731880905412,0.0000150421031361947
0.0353984174964275,0.0553333333333333,0.0833301315004504,0.0547601132699855,0.0458682383246329,0.0192745631768906,0.00903298212919397,0,0.0344827586206897,0.000000199787919266994,0.000295924279248921
0.0255125771059943,0,0.0290136409393694,0.0208616164698169,0.0123713331833335,0.0104894971713916,0.00903298212919397,0,0,0.00000000395018976094299,0.000139273732717091
0.00833845714746631,0,0.0266226215532562,0.0234331419431619,0.00573740588312244,0.0100094513883704,0.00903298212919397,0,0,0.000000000437731880905412,0.0000150421031361947
0.997397858039158,0.988,0.961823515006557,0.627298705894617,0.981924716402152,0.946417549124227,0.942319885967187,1,1,1,0.99997373863859
0.065423072850129,0.000666666666666667,0.0337054294191521,0.0444958356478553,0.028929015356483,0.025072564777304,0.00903298212919397,0,0.05,0.0000000524638439219117,0.000915301982124684
0.981178374164052,0.992666666666667,0.957772617134719,0.819904228897066,0.982354970437335,0.946417549123848,0.942319885967187,1,0.975,1,0.999877133720501
0.283246443420828,0.436,0.387020485585681,0.55569085815212,0.678986683688751,0.94636259513243,0.00903298212919397,0,0.65,0.999991790700665,0.0318312299347085
0.997307371479874,0.968666666666667,0.95816038876989,0.665535981233446,0.98721417453487,0.946417549124218,0.942319885967187,1,0.975,1,0.999995243814076
0.00833845714746631,0,0.0266226215532562,0.0234331419431619,0.00573740588312244,0.0100094513883704,0.00903298212919397,0,0,0.000000000437731880905412,0.0000150421031361947
0.138309767826992,0.018,0.076743672864617,0.109119501216091,0.126617325266377,0.902846296029115,0.00903298212919397,0,0.075,0.00000333894935489711,0.00527179633555412
0.0147744391238598,0.0826666666666667,0.0829652585035514,0.167656314788861,0.0139392508251321,0.0100062760206028,0.00903298212919397,0,0,0.000000536990353958711,0.0000979565248771733
0.0931200637797985,0.102,0.138442990588693,0.0926577931017211,0.12548743082021,0.82640708312057,0.00903298212919397,0,0.0909090909090909,0.00000201016687621264,0.00222621544001419
0.999689818017543,0.979333333333333,0.966514266721163,0.598441006161303,0.972377752438653,0.946417549124228,0.942319885967187,1,1,1,0.999999899012461
0.0695207887725866,0.18,0.140781062611465,0.106843602740037,0.0714465475403203,0.342717039817591,0.112564854608938,0,0.075,0.00000547198708261293,0.0014657727481132
0.0753705486413163,0.00266666666666667,0.0661495134374291,0.0618965402047282,0.0369727719594534,0.0466090670159406,0.112564854608938,0,0.05,0.000000142313204210223,0.0012882035619366
0.0165079405664562,0,0.0266273215564898,0.0322154028579172,0.00820963714106315,0.0100437997087229,0.00903298212919397,0,0,0.00000000148619381500991,0.0000738206240403708
0.999930090986784,1,0.96971368585519,0.566376970230593,0.91498240758919,0.946417549124228,0.942319885967187,1,1,1,0.999999994790626
0.147045579305013,0.314666666666667,0.225494342813665,0.329329447234834,0.141167134064383,0.905536686182345,0.112564854608938,0,0.25,0.0183310153180764,0.00595479642419139
0.911185336430968,0.862,0.897932798178968,0.619101133293675,0.963438883930046,0.946417548991574,0.112564854608938,0.744736154723024,0.95,1,0.985575020432221
0.00833845714746631,0,0.0266226215532562,0.0234331419431619,0.00573740588312244,0.0100094513883704,0.00903298212919397,0,0,0.000000000437731880905412,0.0000150421031361947
0.0126194721121831,0,0.0266273215564898,0.0181157446250819,0.00664852331566679,0.0100335789450229,0.00903298212919397,0,0,0.000000000792076093220174,0.0000358534779604391
0.00914121095228757,0.0133333333333333,0.0505733825204821,0.0465859297711844,0.0108687355395085,0.0100268881071296,0.00903298212919397,0,0,0.00000000993805301774075,0.0000256584926958177
0.111285098332651,0.0266666666666667,0.0644617899060133,0.135165016787866,0.0751555061637663,0.220732764172495,0.00903298212919397,0,0.1,0.00000611587728235701,0.00279775880360327
0.046930392507654,0,0.0318855891720042,0.0429271182681563,0.0196779201246642,0.0123617123136008,0.00903298212919397,0,0.05,0.0000000194329198269715,0.000666572927717498
0.0389527427479755,0.05,0.0515632544678937,0.0752731145856444,0.0466298447303473,0.0145851648584772,0.00903298212919397,0,0.0487804878048781,0.000000185895648710578,0.000261140265914521
0.960573996776222,0.921333333333333,0.920952198456336,0.677978614743792,0.969087773619297,0.946417549100389,0.942319885967187,1,0.95,1,0.998336535982067
0.993838764332389,0.944,0.958817956491184,0.592894730015769,0.971886137447899,0.946417549124185,0.942319885967187,1,0.975,1,0.999982492989462
0.938901188680895,0.828666666666667,0.86077551620574,0.545593650688636,0.925149376534809,0.946417548120287,0.958718698852982,1,0.95,1,0.996138749459201
0.0248779961036653,0,0.0275742894706435,0.0411392577505469,0.0104693721496024,0.0101384359356465,0.00903298212919397,0,0,0.00000000370649965957860,0.000175940217196071
0.0766612380735626,0.0453333333333333,0.093512890883129,0.106112994623461,0.0707426047965491,0.171955742194,0.112564854608938,0,0.0697674418604651,0.00000100557954961364,0.000909826855214621
0.0373308512376202,0,0.0304348617937298,0.0611701039797216,0.014127728819861,0.0104300480615576,0.00903298212919397,0,0,0.0000000108521895741939,0.000419267485377801
0.998424723116044,0.929333333333333,0.943323194460623,0.527965765933277,0.947636195437317,0.946417549124228,0.942319885967187,1,0.975,1,0.999985549301975
0.245864944680736,0.323333333333333,0.322562779501007,0.32919853505392,0.354812013477579,0.94346168598867,0.00903298212919397,0,0.2,0.00154491084125026,0.0322575200111454
0.0240290454683189,0.0733333333333333,0.0997765470962788,0.0982892535639327,0.0436143663767112,0.011486719157569,0.00903298212919397,0,0.0208333333333333,0.0000000475533961430772,0.000161323139047757
0.00989273961510203,0,0.0331010273859175,0.0417563442330317,0.00909579490854107,0.0100173003594262,0.00903298212919397,0,0,0.000000000755467558842253,0.0000328047741714715
0.175993578098762,0.148666666666667,0.0979065964207111,0.330305339858504,0.246435282153385,0.918225710539693,0.00903298212919397,0,0.1,0.943941872017442,0.00350026198191363
0.0109223982025667,0,0.0266273215564898,0.0313280560354018,0.00686138240904155,0.0100128070221054,0.00903298212919397,0,0,0.000000000699603266143197,0.0000309716651397452
0.00721289097613697,0,0.0266226215532562,0.0385908675613487,0.00614192434163108,0.0100026265618998,0.00903298212919397,0,0,0.000000000386627820464514,0.0000129939321828374
0.0373308512376202,0,0.0304348617937298,0.0611701039797216,0.014127728819861,0.0104300480615576,0.00903298212919397,0,0,0.0000000108521895741939,0.000419267485377801
0.00651804454333881,0.000666666666666667,0.0271152703852181,0.0498566154774784,0.0068438759287518,0.0100039260818763,0.00903298212919397,0,0,0.000000000378838796826704,0.00000951451896706872
0.99818821605085,0.999333333333333,0.967535879408763,0.744280893406527,0.946228129295912,0.946417549124228,0.942319885967187,1,1,1,0.999996555869957
0.0455979275958782,0.148666666666667,0.0427139971458704,0.0658547721515501,0.0344487159699964,0.0199328284708391,0.00903298212919397,0,0.0454545454545455,0.0000000963120100518322,0.000290495438876253
0.0373308512376202,0,0.0304348617937298,0.0611701039797216,0.014127728819861,0.0104300480615576,0.00903298212919397,0,0,0.0000000108521895741939,0.000419267485377801
0.029196942379755,0.0386666666666667,0.0404055854979702,0.0617715472305745,0.0261204156315099,0.0108663259977274,0.00903298212919397,0,0,0.0000000348109225503777,0.000143799603518063
0.991106592232417,0.984666666666667,0.953126755114108,0.609160915151001,0.940105754790216,0.946417549124227,0.942319885967187,1,0.975,1,0.999860865015592
0.0120810546925276,0.036,0.058633736876414,0.0628462091504822,0.0107521524042459,0.0100113640848536,0.00903298212919397,0,0,0.0000000196915496880072,0.0000525221579766313
0.703071805242911,0.488,0.536886616050859,0.520042999691859,0.601713668482058,0.946387907493153,0.910557181087349,1,0.725,0.290781362652622,0.865727805450087
0.998817146267072,1,0.969895672393895,0.698575605290183,0.968596258297855,0.946417549124228,0.942319885967187,1,0.975,1,0.999998288103692
0.993608249185624,0.982666666666667,0.95858809954235,0.650348583031727,0.948881190714158,0.946417549124227,0.942319885967187,1,0.975,1,0.999783137939872
0.0496654548610046,0,0.033683856152461,0.065401271087778,0.0207743082853256,0.0120152880637088,0.00903298212919397,0,0.025,0.0000000254767953615584,0.000683168111301877
0.0657970180972628,0.00266666666666667,0.0661495134374291,0.0878485715941236,0.0315425782325125,0.021109952151911,0.112564854608938,0,0.025,0.000000125698509244236,0.00111299144197338
0.0649682817511322,0.0253333333333333,0.0462310043142045,0.100631345457723,0.0417916559456063,0.0201642719185044,0.00903298212919397,0,0.025,0.000000254189357818963,0.000816448799276593
0.0566400775240656,0.0753333333333333,0.11079158861221,0.127456681739268,0.0479848892583998,0.0260796564100326,0.00903298212919397,0,0.024390243902439,0.000000146616820592147,0.00299040049092198
0.0955228034345944,0.0273333333333333,0.0570662803567661,0.142814056198195,0.055859869419104,0.0582127718606911,0.0926686221798144,0.234387052288074,0.0465116279069767,0.000000873726281668149,0.00194388427250718
0.0272293109022382,0,0.0288543923212911,0.0444862488851067,0.0132368101954495,0.0103048928712057,0.00903298212919397,0,0,0.00000000586232076040498,0.000241674964202114
0.0248779961036653,0,0.0275742894706435,0.0411392577505469,0.0104693721496024,0.0101384359356465,0.00903298212919397,0,0,0.00000000370649965957860,0.000175940217196071
0.997553994877269,0.997333333333333,0.967679731319871,0.736224157868851,0.976047600914318,0.946417549124228,0.942319885967187,1,1,1,0.999978625553104
0.995611081843414,0.995333333333333,0.965291417342533,0.654332156628865,0.981234154021205,0.946417549124226,0.942319885967187,1,0.975,1,0.999993331215841
0.987459546988762,0.976,0.94002642694574,0.829789601271476,0.974888329053421,0.946417549124216,0.942319885967187,1,0.975,1,0.999864117306278
0.0248779961036653,0,0.0275742894706435,0.0411392577505469,0.0104693721496024,0.0101384359356465,0.00903298212919397,0,0,0.00000000370649965957860,0.000175940217196071
0.0112050941993781,0,0.0290085322785349,0.0262891660487068,0.00831072415235146,0.010050049809728,0.00903298212919397,0,0,0.00000000102762724824597,0.0000245163336844145
0.0172402084212462,0.000666666666666667,0.0271200549382938,0.0258345806820713,0.00848445322550428,0.0101358522213926,0.00903298212919397,0,0,0.00000000164873885961844,0.0000625743262033111
0.0955228034345944,0.0273333333333333,0.0570662803567661,0.142814056198195,0.055859869419104,0.0582127718606911,0.0926686221798144,0.234387052288074,0.0465116279069767,0.000000873726281668149,0.00194388427250718
0.0505367711925194,0.016,0.0401445454273584,0.119560332179961,0.0198009407974616,0.0117270196859997,0.0926686221798144,0.234387052288074,0.025,0.0000000365508105754123,0.000731529742430506
0.0248779961036653,0,0.0275742894706435,0.0411392577505469,0.0104693721496024,0.0101384359356465,0.00903298212919397,0,0,0.00000000370649965957860,0.000175940217196071
0.0373308512376202,0,0.0304348617937298,0.0611701039797216,0.014127728819861,0.0104300480615576,0.00903298212919397,0,0,0.0000000108521895741939,0.000419267485377801
0.0165079405664562,0,0.0266273215564898,0.0322154028579172,0.00820963714106315,0.0100437997087229,0.00903298212919397,0,0,0.00000000148619381500991,0.0000738206240403708
0.0332400857363635,0,0.0300016635834806,0.0446868987119665,0.0152927440072513,0.0106322464488328,0.00903298212919397,0,0,0.00000000870144532571067,0.000286726659537281
0.0248779961036653,0,0.0275742894706435,0.0411392577505469,0.0104693721496024,0.0101384359356465,0.00903298212919397,0,0,0.00000000370649965957860,0.000175940217196071
0.0373308512376202,0.000666666666666667,0.035644256901403,0.0669084333013755,0.0171253703499609,0.0104599300434824,0.00903298212919397,0,0,0.0000000246856001039974,0.000467182335141549
0.993729589391662,0.987333333333333,0.952089631645346,0.663940404526002,0.96890470307077,0.946417549124228,0.942319885967187,1,1,1,0.999893904412353
0.0338334992031203,0.0173333333333333,0.0309958093253024,0.0785154946959393,0.0143612723319744,0.0105448428504953,0.00903298212919397,0,0,0.0000000106335608160589,0.00030703272965392
0.111382978360831,0.180666666666667,0.125132543541357,0.217461661002201,0.163713163630904,0.644117935589949,0.00903298212919397,0,0.0975609756097561,0.000502852621346274,0.00230287707287626
0.99989020425817,0.996666666666667,0.966050239924952,0.536541713115853,0.925878893921145,0.946417549124228,0.942319885967187,1,1,1,0.99999971524302
0.998403983635337,0.994666666666667,0.964717429510289,0.735685214435197,0.959794185235718,0.946417549124228,0.942319885967187,1,0.975,1,0.999998670347342
0.0496654548610046,0,0.033683856152461,0.065401271087778,0.0207743082853256,0.0120152880637088,0.00903298212919397,0,0.025,0.0000000254767953615584,0.000683168111301877
0.0217497219048209,0.133333333333333,0.101487446763724,0.119384331332098,0.0489002600208319,0.0118991626832062,0.00903298212919397,0,0.0175438596491228,0.0000000465953830620389,0.000118129986536144
0.0172402084212462,0.000666666666666667,0.0271200549382938,0.0258345806820713,0.00848445322550428,0.0101358522213926,0.00903298212919397,0,0,0.00000000164873885961844,0.0000625743262033111
0.999871515408859,1,0.967273474648491,0.520223777989727,0.965211983235344,0.946417549124228,0.942319885967187,1,1,1,0.99999986582069
0.677443556231971,0.812,0.763604282422259,0.593923845109252,0.966538280675576,0.946417534223092,0.942319885967187,1,0.9,1,0.250302141593984
0.261827971650026,0.378666666666667,0.395410746875596,0.339749938685975,0.345252782430343,0.939500104471088,0.910557181087349,1,0.5,0.000287768895064864,0.064534651799295
0.00721289097613697,0,0.0266226215532562,0.0385908675613487,0.00614192434163108,0.0100026265618998,0.00903298212919397,0,0,0.000000000386627820464514,0.0000129939321828374
0.979337677580996,0.962,0.928086845177533,0.603788472380179,0.971258837316611,0.946417549124116,0.942319885967187,1,0.975,1,0.999397836198647
0.0259717425260975,0.0253333333333333,0.0280840407166208,0.0336750001663624,0.0109839433557066,0.0104220339323706,0.00903298212919397,0,0,0.00000000411187959383682,0.000149138699107454
0.998591993759315,0.995333333333333,0.96308640434181,0.641899333826282,0.954659795826561,0.946417549124228,0.942319885967187,1,1,1,0.999995208054897
0.785431348701682,0.494666666666667,0.374616438916683,0.545606168383164,0.918574198525756,0.946417462783325,0.00903298212919397,0,0.85,1,0.546590060626065
0.0172402084212462,0.000666666666666667,0.0271200549382938,0.0258345806820713,0.00848445322550428,0.0101358522213926,0.00903298212919397,0,0,0.00000000164873885961844,0.0000625743262033111
0.00651804454333881,0.000666666666666667,0.0271152703852181,0.0498566154774784,0.0068438759287518,0.0100039260818763,0.00903298212919397,0,0,0.000000000378838796826704,0.00000951451896706872
0.0248779961036653,0,0.0317914994291057,0.0460083436622543,0.012728787975541,0.0101480613632799,0.00903298212919397,0,0,0.00000000843121736768733,0.000196052522827904
0.0286805525743627,0,0.0275742894706435,0.024552102865407,0.011016989958708,0.0103332956402404,0.00903298212919397,0,0,0.00000000419642090137578,0.000203667595178036
0.0286805525743627,0,0.0275742894706435,0.024552102865407,0.011016989958708,0.0103332956402404,0.00903298212919397,0,0,0.00000000419642090137578,0.000203667595178036
0.0731747237081999,0.002,0.0395282213917055,0.0706200934829064,0.0283296993762773,0.0193079702583294,0.0926686221798144,0.234387052288074,0.0487804878048781,0.0000000768158725470994,0.00133801599199117
0.0286805525743627,0,0.0275742894706435,0.024552102865407,0.011016989958708,0.0103332956402404,0.00903298212919397,0,0,0.00000000419642090137578,0.000203667595178036
0.038021807311056,0,0.033174050658753,0.029853194702551,0.0186575743222187,0.0114897596661814,0.00903298212919397,0,0,0.00000000883778694852476,0.000284244531661612
0.0330446268963362,0,0.0275706304482398,0.0250009131161061,0.0126745222784218,0.0108053449357781,0.00903298212919397,0,0,0.00000000763271916115906,0.000235763651414735
0.00721289097613697,0,0.0266226215532562,0.0385908675613487,0.00614192434163108,0.0100026265618998,0.00903298212919397,0,0,0.000000000386627820464514,0.0000129939321828374
0.0165079405664562,0.0153333333333333,0.0503218506306917,0.0552257193901595,0.0127568040986531,0.010050303178098,0.00903298212919397,0,0,0.0000000213335417592663,0.0000916646864978159
0.999041546927431,0.988,0.958861696464879,0.547574116543854,0.967270689363859,0.946417549124228,0.942319885967187,1,1,1,0.999990315363502
0.0185466796635751,0.00933333333333333,0.0992673707092952,0.0782513602867053,0.0211273282509298,0.0103059551965519,0.00903298212919397,0,0,0.00000000750360600395849,0.000209059841921041
0.0373308512376202,0,0.0304348617937298,0.0611701039797216,0.014127728819861,0.0104300480615576,0.00903298212919397,0,0,0.0000000108521895741939,0.000419267485377801
0.0109223982025667,0,0.0266273215564898,0.0313280560354018,0.00686138240904155,0.0100128070221054,0.00903298212919397,0,0,0.000000000699603266143197,0.0000309716651397452
0.00721289097613697,0,0.0266226215532562,0.0385908675613487,0.00614192434163108,0.0100026265618998,0.00903298212919397,0,0,0.000000000386627820464514,0.0000129939321828374
0.0429529616374054,0,0.0304348617937298,0.0393077609390472,0.0155261076510018,0.0110429249810803,0.00903298212919397,0,0,0.0000000122866206109416,0.000485323519965802
0.0373308512376202,0,0.0304348617937298,0.0611701039797216,0.014127728819861,0.0104300480615576,0.00903298212919397,0,0,0.0000000108521895741939,0.000419267485377801
0.0172402084212462,0.000666666666666667,0.0271200549382938,0.0258345806820713,0.00848445322550428,0.0101358522213926,0.00903298212919397,0,0,0.00000000164873885961844,0.0000625743262033111
0.998554174267133,0.99,0.964360435504274,0.658769410358644,0.944101923777339,0.946417549124228,0.942319885967187,1,0.975,1,0.999994785052545
0.981101026751037,0.957333333333333,0.938917095041227,0.57618699626889,0.924799193116598,0.946417549124227,0.942319885967187,1,0.975,1,0.999790477252532
0.00651804454333881,0.000666666666666667,0.0271152703852181,0.0498566154774784,0.0068438759287518,0.0100039260818763,0.00903298212919397,0,0,0.000000000378838796826704,0.00000951451896706872
0.0075360035228555,0.000666666666666667,0.0271152703852181,0.031451960919501,0.00617497328202066,0.0100125298902541,0.00903298212919397,0,0,0.000000000428913312280092,0.0000110142528122717
0.0293897619114381,0,0.0350140650551137,0.0421427546174055,0.0206254471159901,0.0108985186219668,0.00903298212919397,0,0,0.00000000734796990260558,0.000167916395828788
0.962462930616135,0.957333333333333,0.902531353303951,0.567153203661031,0.972489755427087,0.946417549122682,0.942319885967187,1,0.95,1,0.998014708531664
0.00798121540641058,0,0.0319880082440714,0.0460551204902396,0.00602753820546231,0.010001595663703,0.00903298212919397,0,0,0.000000000758112496186105,0.0000177457272741937
0.0274759481181517,0.00133333333333333,0.0332862105598869,0.0474763678692757,0.0109433071161519,0.0101092251588987,0.00903298212919397,0,0,0.00000000726782593321085,0.000240266074163948
0.966129299964501,0.891333333333333,0.926654311769041,0.716607067366943,0.983197792049022,0.946417549080703,0.942319885967187,1,0.95,0.999999999980176,0.995389858785722
0.996110474873359,1,0.967352218756802,0.774353140110564,0.983254112153306,0.946417549124227,0.942319885967187,1,1,1,0.99995531561224
0.0190561506962846,0,0.0266273215564898,0.0185176847064481,0.00828026865651055,0.0101071795563564,0.00903298212919397,0,0,0.00000000168263735692409,0.0000854557941546753
0.0219742681192701,0,0.031943758385148,0.0383534920019352,0.0141731044113715,0.0101961262812854,0.00903298212919397,0,0,0.00000000312996828710367,0.00010303154458
0.0248779961036653,0,0.0275742894706435,0.0411392577505469,0.0104693721496024,0.0101384359356465,0.00903298212919397,0,0,0.00000000370649965957860,0.000175940217196071
