0.6805952560684,0.753333333333333,0.755547590615091,0.730409014209754,0.791868202320548,0.798268763199453,0.798039214944588,1,0.85,0.836402945176733,0.705370425598155
0.66270164782625,0.794,0.767978273160507,0.718711863170027,0.789053377727308,0.798268763199454,0.798039214944588,1,0.85,0.81952095085665,0.685567959647533
0.606327758109173,0.844666666666667,0.742691055190789,0.654234938894993,0.776115809928298,0.798268763199456,0.798039214944588,1,0.775,0.725988855303508,0.622202216911213
0.68198446574313,0.582666666666667,0.688257880087603,0.562214595959099,0.709981656815476,0.79826876317958,0.798039214944588,1,0.875,0.848733518362516,0.708405025898407
0.620338841211068,0.798,0.786221687142335,0.690573597564865,0.780016449895592,0.798268763199226,0.798039214944588,1,0.85,0.835896804997665,0.640860377323661
0.685781162026814,0.280666666666667,0.681157282869825,0.652426683635649,0.742362912340503,0.798268763192611,0.798039214944588,1,0.9,0.864601808490956,0.712897767828568
0.526732911185511,0.651333333333333,0.54350998952155,0.509898482881059,0.508006425449561,0.798268762745225,0.124183008451348,0,0.9,0.728858698485286,0.530893431868114
0.165601048025952,0.2,0.47947745927245,0.433894209985418,0.0174138882145726,0.79825484454416,0.124183008451348,0,0.7,0.0012477179701865,0.131535293889701
0.355519053475298,0.394,0.462807547480074,0.447944498727503,0.339969553160723,0.798268762300274,0.124183008451348,0,0.8,0.448453083900637,0.334030129636916
0.742508651605578,0.758,0.805124547830911,0.616963950397136,0.774879482263915,0.798268763197372,0.798039214944588,1,0.875,0.860314065217682,0.774478103293867
0.710280150871299,0.934666666666667,0.872881707094572,0.733203969861713,0.783551711470418,0.798268763198345,0.798039214944588,1,0.925,0.87170276388983,0.740145140151252
0.689553164295716,0.742,0.809379344767148,0.725697148017716,0.767278892737981,0.798268763197099,0.798039214944588,1,0.925,0.872023416924359,0.717348907209204
0.693300136701125,0.959333333333333,0.876547882480645,0.757962767944229,0.785303156269693,0.798268763198645,0.798039214944588,1,0.9,0.872078421540385,0.721757971603639
0.679615192132834,0.824,0.813783056906,0.729411108163218,0.795972063790102,0.798268763199253,0.798039214944588,1,0.875,0.857894349159838,0.707137810731335
0.45610068634735,0.498666666666667,0.530794832876813,0.450032638797653,0.376445515372599,0.798268694885663,0.124183008451348,0,0.875,0.62612080532631,0.45214148648549
0.145993595280979,0.174666666666667,0.458842273967223,0.456131766108527,0.0216153812178278,0.798151637805053,0.124183008451348,0,0.675,0.00235180903781965,0.114646637127762
0.502618620254958,0.568,0.624960127641748,0.589213232976204,0.689120569512978,0.798268763043303,0.798039214944588,1,0.75,0.822564811986952,0.508149077384749
0.394028841742218,0.492666666666667,0.563889753570836,0.457716842504369,0.60545586020053,0.798268762926073,0.798039214944588,1,0.682926829268293,0.667165961176114,0.382553871194958
0.574431953525358,0.508666666666667,0.598556787228467,0.520893069562597,0.595215574711218,0.798268758570724,0.798039214944588,1,0.875,0.81583343666456,0.589766087731874
0.648775423701386,0.654,0.775984304025045,0.672813689612648,0.744328732617283,0.798268763032204,0.798039214944588,1,0.9,0.879303691171187,0.675018053512321
0.604175189804887,0.790666666666667,0.749100197393174,0.652692895152095,0.78771022790804,0.798268763196796,0.798039214944588,1,0.725,0.823473999914458,0.626198963021868
0.0147871464073823,0.272666666666667,0.454856494868226,0.499995560363109,0.00538681150472331,0.00565945352388255,0.124183008451348,0,0.575,0.0000000000000118004772580762,0.00750403234487397
0.678633540931387,0.902666666666667,0.83164145742126,0.715051475813864,0.799036590161004,0.7982687631901,0.798039214944588,1,0.875,0.875825390266497,0.70889896925459
0.374827906476944,0.372,0.563889753570836,0.447310458470624,0.602516737194721,0.798268762999815,0.798039214944588,1,0.675,0.611787959829818,0.360718531592722
0.229839637108135,0.25,0.47947745927245,0.421290698596353,0.0598358416932996,0.798257896838188,0.124183008451348,0,0.725,0.0388677780123977,0.1985172840321
0.725795072755835,0.758,0.805124547830911,0.588587176462794,0.774567548303581,0.798268763129693,0.798039214944588,1,0.875,0.871675050707546,0.759285596960908
0.678633540931387,0.902666666666667,0.83164145742126,0.715051475813864,0.799036590161004,0.7982687631901,0.798039214944588,1,0.875,0.875825390266497,0.70889896925459
0.497101926551054,0.746,0.645500034918311,0.605206420410729,0.64729077979896,0.798268742429605,0.798039214944588,1,0.8,0.848830234353584,0.504817095718077
0.213194521287168,0.506666666666667,0.454856494868226,0.48488799901997,0.189733870629288,0.798265027635838,0.124183008451348,0,0.65,0.148930830295673,0.184414640821735
0.708422646062833,0.758,0.805124547830911,0.562157920667287,0.774056475265271,0.798268760865573,0.798039214944588,1,0.875,0.884285428976907,0.743408712930088
0.728386053119885,0.765333333333333,0.797612884238108,0.568235840714176,0.789738437226992,0.79826876209871,0.798039214944588,1,0.875,0.880465601140907,0.764792319147705
0.708422646062833,0.758,0.805124547830911,0.562157920667287,0.774056475265271,0.798268760865573,0.798039214944588,1,0.875,0.884285428976907,0.743408712930088
0.191605058888378,0.322,0.458342186424734,0.470722563377469,0.0823779885403435,0.798201990588418,0.124183008451348,0,0.7,0.0535607113191951,0.161678456381425
0.583518972629265,0.790666666666667,0.749100197393174,0.619064885160962,0.788380417273838,0.79826876311043,0.798039214944588,1,0.725,0.839951349534992,0.606097908744304
0.44958175478001,0.224,0.642769595795869,0.496130887945487,0.72196986682864,0.798268762868987,0.798039214944588,1,0.675,0.738128865102456,0.451216598935803
0.111260966198171,0.204,0.454856494868226,0.497716418554462,0.039261010773006,0.797743009530833,0.124183008451348,0,0.609756097560976,0.002467895850892,0.0841030002767051
0.539261622269991,0.759333333333333,0.756372588803499,0.586790580147292,0.770752207398994,0.798268763061612,0.798039214944588,1,0.707317073170732,0.819814763319211,0.555283219800509
0.364544379037808,0.401333333333333,0.470893370526495,0.494685783805811,0.490643890392789,0.798265231242962,0.124183008451348,0,0.725,0.741572497997446,0.354593723576447
0.488861311565112,0.368666666666667,0.65232440196046,0.552897924060941,0.737561527216816,0.798268734810983,0.798039214944588,1,0.75,0.858651100467573,0.499952985320783
0.676665501283826,0.948666666666667,0.863646540047303,0.612034921848633,0.799615733937196,0.798268743561663,0.798039214944588,1,0.875,0.903147713599326,0.712402484246343
0.513534640511055,0.607333333333333,0.696464646737542,0.567254836246614,0.758945098026283,0.798268749810393,0.798039214944588,1,0.75,0.862379747392282,0.528764679871266
0.538142180801651,0.768666666666667,0.764636380265039,0.579076198101352,0.775808546859092,0.798268756884674,0.798039214944588,1,0.75,0.862038754315072,0.557385982957786
0.542504157514539,0.804,0.742691055190789,0.571431213888252,0.782418910473399,0.798268761024526,0.798039214944588,1,0.7,0.834234577782491,0.562769422491623
0.676665501283826,0.948666666666667,0.863646540047303,0.612034921848633,0.799615733937196,0.798268743561663,0.798039214944588,1,0.875,0.903147713599326,0.712402484246343
0.519518071731833,0.887333333333333,0.73679757158701,0.569117010359995,0.674449633909716,0.798248204957727,0.798039214944588,1,0.825,0.903631126256957,0.53784780513237
0.290807604885398,0.465333333333333,0.492803633429445,0.46672104747644,0.189807440029474,0.785120121231241,0.124183008451348,0,0.7,0.448562133456165,0.272850345030786
0.557127605024253,0.806,0.778674805710977,0.58187475295487,0.783873074879018,0.798268367060335,0.798039214944588,1,0.725,0.905297430373507,0.582392742077105
0.363501482131364,0.470666666666667,0.468555712295969,0.507690162998377,0.481343502744101,0.798106938205028,0.124183008451348,0,0.675,0.79088420574589,0.356545811265773
0.480626746363957,0.682,0.742691055190789,0.519067427117222,0.764485526559471,0.798268724397762,0.798039214944588,1,0.65,0.789649964572465,0.49508888382225
0.639151097451874,0.969333333333333,0.867273372278992,0.595434874235604,0.802052948591384,0.798268283445022,0.798039214944588,1,0.825,0.916335606078782,0.674487260832502
0.620231253607789,0.902666666666667,0.83164145742126,0.599792101353394,0.802317247392666,0.798268412852838,0.798039214944588,1,0.825,0.914232273065205,0.653628365492604
0.60093877787861,0.824,0.813783056906,0.593567378021579,0.80096273037498,0.79826850735449,0.798039214944588,1,0.8,0.909605211895039,0.632161779608123
0.581327805125183,0.753333333333333,0.755547590615091,0.58272143185714,0.798137472192822,0.79826857636549,0.798039214944588,1,0.75609756097561,0.902094429107514,0.610158278708293
0.581327805125183,0.753333333333333,0.755547590615091,0.58272143185714,0.798137472192822,0.79826857636549,0.798039214944588,1,0.75609756097561,0.902094429107514,0.610158278708293
0.521180197693475,0.804,0.742691055190789,0.547478860085263,0.781768007737125,0.798268690439448,0.798039214944588,1,0.658536585365854,0.854885921843853,0.541753530600993
0.656633691721223,0.710666666666667,0.797575102230776,0.532341442858855,0.795491444997606,0.798238666435521,0.798039214944588,1,0.8,0.926471590233729,0.696480711656029
0.567346992323815,0.654,0.775984304025045,0.542990266707257,0.73509831526463,0.798059233976761,0.798039214944588,1,0.8,0.929312467027267,0.59651101245626
0.595635262508436,0.959333333333333,0.876547882480645,0.564857148018988,0.785674895602372,0.79823473247994,0.798039214944588,1,0.825,0.931357736644666,0.629056636218068
0.499778771974801,0.804,0.742691055190789,0.529432784776607,0.780596588802478,0.798266329086002,0.798039214944588,1,0.675,0.875534613588332,0.520588015492575
0.674691186750101,0.765333333333333,0.797612884238108,0.51459753694041,0.788865823063291,0.798227549160206,0.798039214944588,1,0.825,0.92196626192926,0.715880732822913
0.606670566645904,0.452666666666667,0.681145209403819,0.504092568458647,0.720287095209095,0.797875794044535,0.798039214944588,1,0.775,0.922583501747435,0.64060651946158
0.571652694168824,0.79,0.814832621083384,0.56275111998633,0.76491714409467,0.798196606292578,0.798039214944588,1,0.825,0.931541003309856,0.601758581506511
0.0416556523221888,0.290666666666667,0.492803633429445,0.499789641574453,0.0032040703784616,0.00564014006085126,0.124183008451348,0,0.55,0.0000000956143550797904,0.0273030871529531
0.618106825587534,0.948666666666667,0.863646540047303,0.532023409612562,0.799029174818042,0.797533027112029,0.798039214944588,1,0.8,0.940742474521003,0.657475672279235
0.559236831306794,0.824,0.813783056906,0.543441164984396,0.80043718168134,0.797982356374006,0.798039214944588,1,0.825,0.936039662615938,0.591819321037913
0.514545834923339,0.806,0.778674805710977,0.536626238766247,0.781906261793337,0.797825240700693,0.798039214944588,1,0.825,0.93289868950009,0.540558928876923
0.440793576888569,0.703333333333333,0.678368319705531,0.527230154632122,0.707958906625601,0.794026923002529,0.798039214944588,1,0.8,0.926823871807264,0.454246123708043
0.539148127746057,0.753333333333333,0.755547590615091,0.537567659858789,0.797333320434096,0.798059625619386,0.798039214944588,1,0.825,0.930557602195426,0.569047720533583
0.369564924333473,0.674,0.580052536208755,0.512480827351767,0.582499729372301,0.756683166668214,0.798039214944588,1,0.7,0.894755803609087,0.370598332802078
0.405479930025489,0.39,0.642769595795869,0.499421719315421,0.723935690105297,0.797492039796141,0.798039214944588,1,0.7,0.89628661841887,0.413690774144531
0.231275860587873,0.345333333333333,0.456886202568563,0.488003724761739,0.0848239033751855,0.00564339023205853,0.124183008451348,0,0.7,0.260830315056352,0.214034932568253
0.497526413454208,0.794,0.767978273160507,0.51843774351989,0.79101945938424,0.793137202149433,0.798039214944588,1,0.8,0.936656914381595,0.524838805358281
0.553790616181951,0.959333333333333,0.876547882480645,0.52555895089826,0.782643822496533,0.759009030542637,0.798039214944588,1,0.8,0.953558627962019,0.588595252560065
0.408631490153479,0.600666666666667,0.687382231737887,0.501190717743821,0.743251459583149,0.785890992886879,0.798039214944588,1,0.7,0.917189487806011,0.421075498199482
0.104038570005933,0.343333333333333,0.530373391739849,0.497646641491054,0.0119977666659183,0.00564015460891878,0.124183008451348,0,0.6,0.00187819278824992,0.0823517908749905
0.517806777928196,0.753333333333333,0.755547590615091,0.523379520217978,0.795938174560594,0.791230210773368,0.798039214944588,1,0.825,0.943339563623898,0.548091275150153
