0.0502981797252947,0.0746666666666667,0.0344218766164438,0.216777757585158,0.0783827395353414,0.0531444857229605,0.00421146965689129,0,0.325,0.00000227284707227934,0.176480799796366
0.00316923993457818,0.0153333333333333,0.0378743859621206,0.104886116887093,0.00948445680919141,0.0470438237811742,0.00421146965689129,0,0.1,0.000000000000000000339497235156384,0.0229700757060904
0.972500442917775,0.829333333333333,0.846671330408673,0.705858730368797,0.928437525745691,0.947796849615602,0.882748949242057,1,0.7,0.788628454658422,0.833571321250486
0.44846754817231,0.312,0.109711410997355,0.496670307123337,0.520736273579905,0.880454194429614,0.00421146965689129,0,0.675,0.000000137865403718789,0.821080921918226
0.810661667966934,0.942666666666667,0.948821863857874,0.808965961608418,0.901526543960007,0.857638958088777,0.882748949242057,1,0.65,0.987370255775843,0.65287720375655
0.904140396164662,0.788,0.824175526531914,0.78648967772753,0.941434898752013,0.92001111601185,0.882748949242057,1,0.65,0.992257585763234,0.847819584030622
0.0882043003909589,0.126666666666667,0.0373025992211444,0.275431961209834,0.0763819355321437,0.0747127625436858,0.00421146965689129,0,0.35,0.000759863995346904,0.0919466937360114
0.20637145268403,0.325333333333333,0.18656102522475,0.366138562282321,0.213260301831041,0.0665563496200528,0.165161284804344,0.267754315677347,0.45,0.97673810869284,0.407154012080319
0.457934076550245,0.544,0.563111979798687,0.511432678259064,0.494129894977425,0.160702369244395,0.165161284804344,0.267754315677347,0.475,0.992942104698893,0.488016702290338
0.0198063384034699,0.088,0.0341294772043002,0.287607136276876,0.0643870280049591,0.053753477035596,0.00421146965689129,0,0.425,0.00000000000206115315433871,0.0778211405712598
0.748857789593787,0.225333333333333,0.436783538776233,0.45910193322809,0.484476851210396,0.440147229057967,0.552346052262675,0.723950794662075,0.375,0.392072623574851,0.653966970070376
0.710967579668498,0.72,0.856686382336663,0.551493196054724,0.786424985891724,0.801877736062601,0.552346052262675,0.723950794662075,0.375,0.808876811698205,0.544582894443483
0.7314321229411,0.913333333333333,0.905779425088018,0.772799866757154,0.854660136620297,0.783372548848771,0.882748949242057,1,0.7,0.994059608165503,0.578038131405763
0.150544434937269,0.018,0.0295152276666596,0.142690004580589,0.116413043786425,0.084464018447691,0.00421146965689129,0,0.15,0.00000341242065381017,0.257019997295198
0.585305424228452,0.644,0.503503570142513,0.631247149183548,0.664075475247148,0.780004399242531,0.882748949242057,1,0.575,0.949769159039478,0.445083961555842
0.00447366663666278,0.01,0.0303149674368943,0.106467502786601,0.0106971722626419,0.0474630401777746,0.00421146965689129,0,0.05,0.0000000000000000000662691548028031,0.0176006238901096
0.0153944161550786,0.133333333333333,0.0251204246637868,0.212783757457311,0.0210043067949035,0.0473063497686428,0.00421146965689129,0,0.275,0.000850039840252323,0.0637936389231564
0.0395671585932918,0.0146666666666667,0.0228153987567223,0.12966765674407,0.0261130692524165,0.0506785001257949,0.00421146965689129,0,0.1,0.0000000000133877256993787,0.115672382895872
0.00152534175472704,0.064,0.0445920404813011,0.117373976152888,0.00242796508503018,0.047009631684479,0.00421146965689129,0,0.025,0.00000000000000000000000000000000000000000244286156770086,0.0668856671006303
0.21672251863058,0.038,0.0410906249322455,0.174026747856715,0.0870872181046736,0.20167719464203,0.00421146965689129,0,0.125,0.000000000621316129479477,0.304973400176196
0.106177892512293,0.0233333333333333,0.0289529198195059,0.142433743653738,0.105269364555674,0.0742684869096572,0.00421146965689129,0,0.125,0.00000175850592198048,0.119118917783703
0.453253078404276,0.454,0.495368223973758,0.534900863667373,0.497728471670329,0.351826405210406,0.882748949242057,1,0.525,0.985047415402434,0.357650577788941
0.68732160966199,0.399333333333333,0.525015584000863,0.528387734765285,0.590786873028149,0.452585426278544,0.552346052262675,0.723950794662075,0.525,0.905204100022963,0.677991978964328
0.489565382115648,0.49,0.619231589059272,0.627636201326631,0.655085543236531,0.297827712771271,0.552346052262675,0.723950794662075,0.55,0.993575547118076,0.523809515584572
0.258914446616048,0.0586666666666667,0.0410512016428882,0.268847156781519,0.315475543845984,0.246199251555267,0.00421146965689129,0,0.175,0.0000524589039028771,0.380698470522134
0.00000432344162874038,0.042,0.0235423113527225,0.274354154120426,0.000362195751533512,0.0463498685271993,0.00421146965689129,0,0,0.0000000000000000000000000000000000000000000000000000000000000000000000000000000000640572020798215,0.00341838632455641
0.903240864828981,0.885333333333333,0.949721006921726,0.730801043204474,0.913074398165378,0.930289946153227,0.882748949242057,1,0.55,0.901999745867239,0.770389324624746
0.00000722581424571599,0.0173333333333333,0.0371493590538051,0.264405419839981,0.000765949116187659,0.0463520195220044,0.00421146965689129,0,0,0.00000000000000000000000000000000000000000000000000000000000000000000000000000000000000000000000034560003160206,0.0120102435110357
0.144872330917133,0.482666666666667,0.605707257185591,0.288051885997157,0.0108026122005627,0.0538093094270468,0.882748949242057,1,0.35,0.166692450616833,0.0710060226499524
0.0220839271340676,0.234666666666667,0.0482270981093793,0.308345272086531,0.120097261336324,0.0542455141811343,0.00421146965689129,0,0.45,0.000000000169059908028048,0.10389754913303
0.896745202601428,0.886,0.821321146898338,0.770016307073017,0.922471682395846,0.919973069877825,0.882748949242057,1,0.65,0.991121364845748,0.770640470470163
0.0000169407020963493,0.014,0.0223836175682676,0.150301597405711,0.000771426465527525,0.046352699613867,0.00421146965689129,0,0.025,0.0000000000000000000000000000000000000000000000000000000000000000000712979359649451,0.00642979864567312
0.00405771090998935,0.0113333333333333,0.038137170114791,0.105187018490737,0.0108432412101088,0.0475024598225523,0.00421146965689129,0,0.125,0.0000000000000000000338076374295493,0.0202965122401644
0.465975983448279,0.414,0.32188566582739,0.409784463516237,0.211408390590624,0.180225842893017,0.165161284804344,0.267754315677347,0.425,0.912721943828752,0.690997838894974
0.90270434535861,0.823333333333333,0.807365594576516,0.743819418339613,0.932433646402221,0.924389606134911,0.882748949242057,1,0.65,0.991891842383216,0.856412265951972
0.606608990408713,0.488,0.557891044109069,0.542010351439043,0.633023961249539,0.501788558081657,0.165161284804344,0.267754315677347,0.5,0.992073891678387,0.631998182753897
0.695547790009923,0.394666666666667,0.435072097843325,0.5115379824782,0.583494746381303,0.40002242076203,0.165161284804344,0.267754315677347,0.5,0.977458615729645,0.719140518109162
0.469478302477069,0.274,0.214084192728828,0.292952865537064,0.467188739288572,0.543272532545237,0.552346052262675,0.723950794662075,0.2,0.00634510672555048,0.419765613451143
0.247412584851992,0.246,0.0723371328164097,0.63331133766471,0.619758976944174,0.277367539605295,0.00421146965689129,0,0.65,0.00511538503177165,0.33966917932864
0.00440309803687954,0.0626666666666667,0.0272325886620648,0.159220671879143,0.00669594432909093,0.0467814756521107,0.00421146965689129,0,0.075,0.0000000000000000000916326636092834,0.0594064572364384
0.0484807497431499,0.008,0.0279196774748311,0.271309006637433,0.0291677505060204,0.141025145020845,0.00421146965689129,0,0.075,0.00000000000000000000000000371591471147027,0.124650162346684
0.0000000134779311171999,0.104666666666667,0.0384966015337645,0.416358024640254,0.000878584925329218,0.0463489426028039,0.00421146965689129,0,0.05,6.75568969557104e-169,0.000772591047085537
0.00764495847944407,0.0333333333333333,0.0218029665147396,0.184555618042981,0.0257500898011883,0.0501559037920971,0.00421146965689129,0,0.075,0.0000000000000000000000701328758029204,0.0911732724434652
0.0239220935682619,0.0386666666666667,0.0296719262923734,0.104369362451466,0.0433406856595091,0.0524422932864153,0.00421146965689129,0,0.15,0.000000000000858816955912123,0.110187321742212
0.00979298309536224,0.016,0.026277422250555,0.118978709045301,0.0136813893410558,0.0474930048954686,0.00421146965689129,0,0.05,0.000000000000169932535154543,0.0273332095718305
0.000287177763015286,0.0286666666666667,0.0298788450724086,0.134954663532727,0.00242811396862452,0.0464239913367269,0.00421146965689129,0,0.025,0.0000000000000000000000000000000000000000000204148799249368,0.0304204137192215
0.13547696688503,0.229333333333333,0.0928453649666536,0.510151950578147,0.331857769642445,0.130725919262679,0.00421146965689129,0,0.625,0.0000000864183675368236,0.323969117066803
0.147540694607026,0.296,0.25948316129451,0.297610486218934,0.0406141394699224,0.0515885384748232,0.165161284804344,0.267754315677347,0.325,0.471755311869885,0.323389808208583
0.317029354531537,0.122666666666667,0.0406544827305687,0.415531184333146,0.179936441498434,0.326188440232941,0.00421146965689129,0,0.425,0.00000445928283308001,0.240988072825701
0.892704586426613,0.952666666666667,0.880459558911794,0.806386252197382,0.932673909436244,0.911709884205844,0.882748949242057,1,0.725,0.991752994447125,0.756744962645058
0.0395398079370818,0.154666666666667,0.0301373558722355,0.221213463057919,0.125860535770118,0.0565509818973042,0.00421146965689129,0,0.325,0.00000159442235566905,0.129027696180231
0.150779660470269,0.024,0.0322984464410853,0.189306770008082,0.0954604841977227,0.121982773506399,0.00421146965689129,0,0.125,0.0000000300486275642819,0.133130003944256
0.632511279262709,0.653333333333333,0.730801557974158,0.647173143606885,0.70959929981307,0.654893705959687,0.882748949242057,1,0.6,0.990734672557106,0.417277113708701
0.177681175431277,0.120666666666667,0.0894640616618045,0.210161911816536,0.0455016796523673,0.056180517658365,0.165161284804344,0.267754315677347,0.4,0.938854245752124,0.27903051229402
0.0602703390320193,0.212666666666667,0.0364374761027497,0.309968988867362,0.205062124530477,0.0663381597868237,0.00421146965689129,0,0.4,0.0000128125119108669,0.167150491141062
0.2260612103023,0.486,0.271977318912386,0.378671739168624,0.236333562286958,0.073748034704802,0.165161284804344,0.267754315677347,0.425,0.9739712596692,0.506341207586406
0.00000776142528795348,0.01,0.0294056490915827,0.183848363390059,0.00056880935522241,0.0463498679038315,0.00421146965689129,0,0,0.0000000000000000000000000000000000000000000000000000000000000000000000000000000218138982418312,0.00702058932402654
0.447153314033843,0.466666666666667,0.435998873478586,0.430906491833937,0.402272760565408,0.174758421455112,0.165161284804344,0.267754315677347,0.425,0.99212911642182,0.552187309676956
0.944856217948392,0.698666666666667,0.751060402975917,0.784145089257154,0.938209885857999,0.942782222844938,0.882748949242057,1,0.725,0.961445448923012,0.729630848936533
0.0405571502387977,0.33,0.329763215021512,0.405078830790588,0.0322904423612833,0.0483414743431708,0.552346052262675,0.723950794662075,0.1,0.000000392744719364133,0.0186809214807088
0.150055851144941,0.254,0.0699620616737422,0.508625576855484,0.396254794310597,0.103108807252624,0.00421146965689129,0,0.55,0.00917519193648311,0.367361451834178
0.0046337285462739,0.008,0.035357845076032,0.211474927034109,0.0025511348487155,0.0469772566724427,0.00421146965689129,0,0.05,0.00000000000000000000000000942356230874027,0.25831326508308
0.57758314374437,0.719333333333333,0.80776913783991,0.575658794579703,0.575940718153232,0.266884978769732,0.552346052262675,0.723950794662075,0.6,0.970909838015111,0.592464892352612
0.668613770755604,0.524666666666667,0.523631979450167,0.368498744726216,0.49035089358814,0.476076957036983,0.552346052262675,0.723950794662075,0.225,0.0956736017582097,0.435388791986877
0.623724992617113,0.675333333333333,0.715183390084963,0.527660258082812,0.726005810529656,0.662652330934845,0.552346052262675,0.723950794662075,0.4,0.855398255054594,0.451559145736981
0.193438684310447,0.274,0.296209548777662,0.305452731245989,0.0735166398584982,0.0557235601547464,0.165161284804344,0.267754315677347,0.4,0.778929315020895,0.354049243610258
0.0500352148384149,0.125333333333333,0.0300780488938279,0.239780813372113,0.166716342596293,0.0969312426574852,0.00421146965689129,0,0.15,0.0000000000293266536348337,0.0956325528745205
0.00466605141592262,0.00733333333333333,0.0238464348461807,0.194411235437248,0.0224366017330077,0.047124313605441,0.00421146965689129,0,0.075,0.000000000000000000809526205747185,0.0169276261911999
0.705557854115826,0.728,0.78902821534632,0.758203581201696,0.857031981669909,0.666867645066096,0.882748949242057,1,0.7,0.989075222892766,0.710243079559558
0.655553452034439,0.726,0.860295404232757,0.597837862542228,0.727546373826524,0.585538268401143,0.552346052262675,0.723950794662075,0.475,0.946265326937437,0.548014516385053
0.00000691095592246151,0.04,0.0247565652442399,0.333845561659075,0.00666637632941114,0.0463492543637012,0.00421146965689129,0,0.075,0.0000000000000000000000000000000000000000000000000000987040879432575,0.00164819561012296
0.475787218468437,0.399333333333333,0.492040266546681,0.384376151283084,0.317872560914273,0.238892683674835,0.165161284804344,0.267754315677347,0.45,0.982300467440597,0.550362073630654
0.00331457414462636,0.00133333333333333,0.0202575828100911,0.129751978462113,0.00282170451092756,0.0468622870490098,0.00421146965689129,0,0.05,0.0000000000000000000000000000000140725839635907,0.0927596568211509
0.00595374299521045,0.134666666666667,0.0666967431358658,0.331104349715434,0.0103828739835001,0.0471533647283084,0.00421146965689129,0,0.35,0.0000000000000000000000779538538902013,0.190136145005319
0.314592079120174,0.114,0.116231086373424,0.251539501564491,0.042901542369056,0.0963229181660327,0.165161284804344,0.267754315677347,0.4,0.848267437644038,0.261693802108192
0.747504145844423,0.736,0.733837346721634,0.379797675813484,0.58790197502667,0.794441417659986,0.552346052262675,0.723950794662075,0.225,0.0404314286736585,0.434952242681343
0.791631251231634,0.528,0.604218386384616,0.664423177034793,0.819399244166216,0.778671012503721,0.552346052262675,0.723950794662075,0.55,0.990432328645937,0.745862842245053
