0,0,0,0,0,0,0,0,0,0,0.61,0.61,0,0,0,0,0,0,0,0,0,0,0,0,1.85,0,0,0,0,0.61,0,0,0.61,0,0,0.61,0.61,0,0,0,0,0.61,0,0,0,0,0,0,0.179,0,0,0,0,0,1.24,6,67
0,0,0,0,0.96,0,0.96,0,0,0.48,0.48,0.96,0,0,0,1.44,0,0,3.36,0,0.96,0,0,0,0,0,0,0,0,0,0,0,0,0,0,0,0,0,0,0,0,0,0,0,0,0,0,0,0,0.149,0,0.149,0.074,0,2.586,44,150
0,0.56,0,0,0.56,0,0,0,0,0,0,1.7,0,0,0,0,1.7,0,1.13,0,0,0,0,0,0,0,0,0,1.13,0.56,0,0,0,0,0,0,0,0,0.56,0,0,0,0,0,0,0,0,0,0,0,0,0,0,0,2.028,13,71
0,0,0,0,0,0,0,0,0,0,0,0.55,0.55,0,0,0,0,0,1.65,0,0.55,0,0,0,1.1,0.55,0,0,0,0.55,0.55,0,0,0,0,0,0.55,0,0,0,0,0,0,0,0,0,0,0,0.087,0,0,0,0,0,1.657,8,58
0,0,0,0,0,0,0,0,0,0,0,0,0,0,0,0,0,0,0,0,0,0,0,0,0,0,0,0,0,0,0,0,0,0,0,0,0,0,0,0,0,0,0,0,0,0,0,0,0.022,0.022,0.019,0.022,0.022,0.022,3.482,5,5902
0,0,0,0,0,0.23,0,0,0,0,0,0.46,0,0,0,0.46,0.46,0.23,3,0,0.69,0,0,0,0,0,0,0,0,0,0,0,0.23,0,0,0,0,0,0,0,0,0,0,0,0,0,0,0,0.077,0.038,0,0,0,0.038,2.6,42,182
0,0,0.6,0,0,0,0,3.04,0,0,0,0.6,0,0,0,0.6,0,0,0.6,0,1.21,0,0,0,1.21,1.82,0,0.6,0,0.6,0,0,0,0,0.6,0.6,1.21,0,1.21,0,0,0,0,0,0,0,0,0,0,0,0,0.077,0,0,3.277,33,177
0,0,0,0,0,1.05,0,0,0,0,0,0.52,0,0,0,0,0,0,0,0,0,0,0,0,0,0,0,0,0,0,0,0,0,0,0,0,0,0,0,0,0,0,0,0,0,0,0,0,0,0.057,0,0,0,0,2.675,36,99
0,0,0,0,2.32,0,0,0,0,0,0,0,0,0,0,0.77,0,0,0,0,0,0,0,0,1.55,0.77,0.77,0.77,0.77,0.77,0.77,0.77,0,0.77,0.77,0.77,0,0,0,0.77,0,0,0,0,0,0,0,0,0,0.376,0.125,0,0,0,2.4,11,48
0.07,0,0.15,0,0.09,0.05,0,0.03,0.05,0.05,0,0.41,0.03,0,0,0.01,0.09,0.13,0.03,0.01,0.07,0,0.01,0,0,0,0.03,0,0.01,0,0,0,1.21,0,0,0.07,0.95,0,0.01,0.11,0.13,0.01,0,0,0,0.39,0.03,0.51,0.042,0.173,0.002,0.008,0.005,0.002,2.145,71,2954
0.26,0.08,0.26,0,0.53,0.08,0.08,0.08,0.97,0.62,0.08,1.15,0.08,0.7,0.17,0.35,0.08,0,4.16,0.26,2.21,0,0.17,1.5,0,0,0,0,0,0,0,0,0,0,0.08,0,0,0.08,0,0,0,0,0,0,0,0,0,0,0,0.044,0,0.339,0.162,0.014,4.137,74,753
0,0,1.16,0,0,0,0,0,0,0,0.58,4.09,0,0,0,0,0,0,0,0,0,0,0,0,1.16,0,0,0,0,0,0,0,0,0,0,0.58,0,0,1.16,0,0,0,0,0,0,0,0,0,0.091,0,0,0,0,0,1.21,4,46
0,0,0,0,0,0,0,0,0,1.31,0,0,0,0,0,0,0,0,1.31,0,1.31,0,0,0,1.31,0,2.63,0,1.31,1.31,0,0,0,0,0,1.31,1.31,0,0,0,0,0,0,0,1.31,0,0,0,0,0,0,0,0,0,1.75,15,42
0,0,1.31,0,0,0,0,0,0,0,0,1.31,0,0,0,0,0,0,1.31,0,5.26,0,0,1.31,0,0,0,0,0,0,0,0,0,0,0,0,0,0,0,0,0,0,0,0,0,0,0,0,0,0,0,0,0.213,0,4.818,25,53
0,0,0,0,0,0,0,0,0,0,0,0,0,0,0,0,0,0,0,0,0,0,0,0,0,0,0,0,0,0,0,0,0,0,0,0,0,0,0,0,0,0,0,0,16.66,0,0,0,0,0,0,8.333,0,0,2,3,8
0,0,0,0,0,0,0,0,0,0,0,0,0,0,0,0,0,0,0,0,0,0,0,0,2.17,0,0,0,0,0,0,0,0,0,2.17,0,0,0,0,0,0,0,0,0,0,0,0,0,0,0.682,0,0,0,0,4.208,15,101
0.38,0,1.9,0,1.14,0,0,0,0.38,0.38,0,0,0,0,0,0,0,0,0.38,0.76,0,0,0,0,0.38,0,0,0,0,0,0,0,0,0,0,0,0,0,0,0,0,0,0,0,0,0,0,0,0,0,0,1.008,0.059,0,589,1177,1178
0,0.57,0.57,0,1.14,0.57,2.28,0,0,0.57,0,0.57,0,0,0,0,0,0.57,3.42,0,1.14,0,0,0,0,0,0,0,0,0,0,0,0,0,0,0,0,0,0,0,0,0,0,0,0.57,0,0,0,0,0.081,0,0.487,0,0.081,16.217,147,373
0.73,0,0.36,0,1.59,0,0,0,0.24,1.35,0.73,2.58,0.61,0,0,0.61,0.12,0,4.55,0,1.72,0,0.49,0.98,0,0,0,0,0,0,0,0,0,0,0,0,0,0,0,0,0,0,0,0,0.12,0,0,0,0,0.041,0,0.104,0.229,0.02,3.705,54,478
0.27,0.27,0.27,0,0,0,0,0.54,0,0.27,0,0.27,0,0,0,1.08,0,0.27,1.08,0,0.27,0,0.27,0.54,0,0,0,0,0,0,0,0,0,0,0,0,0,0,0,0,0,0,0,0,0,0,0,0,0,0.229,0,0.458,0.504,0,2.934,64,578
0,0,0,0,0,0,0,0,0,0,0,0.35,0,0,0,0,0,0,0.35,0,1.06,0,0,0,1.41,1.06,0.7,0.35,0.35,0.7,0.35,0.35,0.35,0.35,0.35,0.35,0.35,0,0,0.35,0,0,0.35,0,0.7,0,0,0,0,0.222,0.055,0,0,0,1.506,12,119
0,0,1.88,0,0,0,0,0,0,0,0,1.88,0,0,0,0,0,0,1.88,0,1.88,0,0,0,0,0,1.88,0,0,0,0,0,0,0,0,0,0,0,0,0,0,1.88,0,0,0,0,0,0,0.323,0.323,0,0,0,0,1,1,12
0,0,0,0,0,0,0,0,0,0,0,0,0,0.8,0,0,0,0,5.6,0,4,0,0,1.6,0,0,0,0,0,0,0,0,0,0,0,0,0,0,0,0,0,0,0,0,0,0,0,0,0.122,0.244,0,0,0,0,1.909,6,21
0,0,0,0,0,0,0,0,0,0,0,0,0,0,0,0,0,5.26,5.26,0,0,0,0,0,0,0,0,0,0,0,0,0,0,0,0,0,0,0,0,0,0,0,0,0,0,0,0,0,0,0,0,0,0.338,0,1.666,5,10
0.07,0,0.07,0,0,0,0,0.46,0.69,0,0,0.23,0,0,0,0,0.07,0.07,0.3,0,0.23,0,0,0,0.69,0.76,0.07,0,0,0,0,0,0.76,0,0,0,0,0,0,0,0,0,0,0,0,0,0,0,0.142,0.175,0.032,0,0.021,0,3.007,60,791
0,0,0,1.16,0,0,0,0,0,0,0,0,0,0,0,0,0,0,3.48,0,2.32,0,0,2.32,0,0,0,0,0,0,0,0,0,0,0,0,0,0,0,0,0,0,0,0,0,0,0,0,0,0,0,0,0,0,8.733,42,131
0,0,0,0,0,0,0,0,0,1.44,0,0,0,0,0,0,0,0,1.44,0,1.44,0,0,0,2.89,1.44,4.34,1.44,1.44,1.44,1.44,1.44,0,1.44,1.44,1.44,0,0,0,1.44,0,0,0,0,1.44,0,0,0,0,0.417,0,0,0,0,2.166,11,39
0,0,0,0,0,0,0,0,0,0,0,0,0,0,0,0,0,0,0,0,0,0,0,0,0,0,0,0,0,0,12.5,0,0,0,0,0,0,0,0,0,0,0,0,0,0,0,0,0,0,0,0,0,0,0,2.5,4,5
0,0,0,0,0,0,0,0,0,0,0,3.7,0,0,0,0,0,0,0,0,0,0,0,0,0,0,0,0,0,0,0,0,0,0,0,0,0,0,0,0,0,0,0,0,0,0,0,0,0,0,0,0.74,0,0,1.5,4,18
0,0,0,0,0.64,0,0,0,0,0,0.64,0.64,0,0,0,0,1.29,0,1.29,5.19,1.29,0,0,0.64,0,0,0,0,0,0,0,0,0,0,0,0,0,0,0,0,0,0,0,0,0,0,0,0,0,0.468,0,0.093,0,0,2.755,66,135
0,0,0,0,0,0,0,0,0,0,0,0,0,0,0,0,0,0,3.92,0,0,0,0,0,0,0,5.88,0,0,0,0,0,0,0,0,0,1.96,0,1.96,0,0,0,0,0,1.96,0,0,0,0,0,0,0,0,0,1.785,6,25
0.44,0,0,0,0.89,0,0,0,0,0.44,0,1.34,0,0,0,0.44,0,0,4.03,0,1.79,0,0,0.44,0,0,0,0,0,0,0,0,0,0,0,0,0,0,0,0,0,0,0,0,0.44,0,0,0,0,0,0,0.944,0.145,0.072,2.451,28,152
0,0,0,0,0,0,0,0,0,0,0,1.07,0,0,0,0,0,0,0,0,0,0,0,0,0,0,0,0,0,0,0,0,1.07,0,0,0,0,0,0,0,0,0,0,0,0,0,0,0,0,0.216,0,0.216,0,0.216,2.166,6,39
0,0,0,0,1.92,0,0,0,0,0.64,0.96,1.28,0,0,0,0.96,0,0.32,3.85,0,0.64,0,0,0,0,0,0,0,0,0,0,0,0,0,0,0,0,0,0,0,0,0,0,0,0,0,0,0,0,0.054,0,0.164,0.054,0,1.671,4,112
0,0,0,0,0,0,0,0,0,0,0,0.93,0,0,0,0,0,0,2.34,0,0,0,0,0,0.93,0,0,0,0,0.46,0,0,0,0,0,0,0,0,3.75,0,0,0,0,0,0,0,0,0,0,0.438,0,0,0,0,2.448,37,120
0,0,0,0,0,0,0,0,0,0,0,3.92,0,0,0,0,0,0,0,0,0,0,0,0,1.96,1.96,0,0,0,0,0,0,0,0,0,0,0,0,0,0,0,0,0,0,0,0,0,0,0.303,0.303,0,0,0,0,1.6,9,24
0.1,0.1,0.73,0,0.2,0.1,0.2,0.62,0.1,0.31,0.31,1.04,0,0,0,0.1,1.14,0.31,2.4,0.93,2.92,0,0,0.2,0.1,0.1,0,0,0,0,0,0,0,0,0,0,0.1,0,0.1,0.1,0,0,0,0,0,0,0,0,0,0.163,0,0.785,0.065,0,4.064,92,817
0,0,0,0,0,0,0,0,0,0,0,0,0,0,0,0,0,0,2.12,0,0,0,0,0,0,0,0,0,0,0,0,0,0,0,0,0,0,0,0,0,0,2.12,0,0,0,2.12,0,0,0,0.344,0,0,0,0,1.4,5,14
0,0,2.25,0,0,0,0,0,0,0,0,0,0,0,0,0,0,0,0,0,0,0,0,0,2.25,1.5,0,0.75,0,0,0,0,0,0,0.75,0,0,0,0,0,0,0,0,0,0.75,0,0,0,0,0.369,0,0,0,0,2.032,10,63
0.05,0,0.05,0,0.05,0.05,0,0,0.5,0,0,0.16,0,0.05,0,0,0,0.05,0.22,0,0.16,0,0,0,0.62,0.67,0.05,0,0,0,0,0,0.45,0,0,0,0.67,0,0,0,0,0,0,0,0,0,0,0,0.185,0.233,0,0,0.016,0,2.972,46,963
0,0,0.36,0,0.73,0,0,0,0,0.73,0,0.36,0,0,0,0,0,0,0.73,0,0,0,0,0,0,0,0,0.36,0,0,0,0,0,0,0,0,0,0,0,0,0,0,0,0,0,0.36,0,0,0,0,0,0,0,0,2.13,12,228
1.47,0,0,0,0,0,0,0,0,1.47,0,0,1.47,0,0,7.35,0,0,2.94,0,1.47,0,0,4.41,0,0,0,0,0,0,0,0,0,0,0,0,0,0,0,0,0,0,0,0,0,0,0,0,0,0,0,1.272,0.254,0,6.294,63,107
0,0,0.16,0.16,0.32,0,0.16,0,0.65,0.16,0.16,0,0,0,0,2.13,0,0.65,0.98,0,0,0,0,0,0.49,0,0,0,0,0,0,0,0,0,0,0.16,0.32,0,0,0.16,0,0,0,0,0,0,0,0,0,0.089,0,0.693,0.67,0,4.835,52,1030
0,0,0,0,0.82,0,0,0,0,0,0,1.65,0,0,0,0,0.82,0,0,0,0,0,0,0,0,0,0,0,0,0,0,0,0,0,0,0,0.82,0,0,0,0,0,0,3.3,0,0,0,0,0,0,0,0,0,0,2.06,8,68
0,0,0,0,0,0,0,0,0,0,0,0,0.97,0,0,0,0,0,4.85,0,0,0,0,0,0,0,0,0,0,0,0,0,0,0,0,0,0,0,0,0,0,0,0,0,0,0.97,0,0,0,0,0,0,0,0,3.391,47,78
0,0,0.29,0,0,0,0,0,0,0,0,0,0,0,0,0,0,0,0,0,0,0,0,0,0,0,0,0,0,0,0,0,0,0,0,0,0,0.29,0,0,0,0,0,0,0.29,0,0,0,0.1,0.353,0.05,0,0,0,1.227,4,27
0,0,0,0,1.9,0,0.95,0,0,0.95,0,0.95,0,0,0,0,0,0,5.71,3.8,2.85,0,0,0,0,0,0,0,0,0,0,0,0,0,0,0,0,0,0,0,0,0,0,0,0,0,0,0,0,0,0,0.147,0,0,1.4,6,21
0,0,0.68,0,0.68,0,0,0,0,0,0,0,0.34,0,0,0,0,0.34,1.7,0,0,0,0,0,0,0,0,0,0,0,0,0,0,0,0,0,0,0,0,0,0,0,0,0,0.68,0,0,0,0,0.173,0,0.463,0,0,1.538,11,80
0,0,0,0,0,0,0,0,0,0,0,0,0,0,0,0,0,0,1.31,0,0,0,0,0,0,0,0,0,0,0,0,0,0,0,0,0,0,0,0,0,0,0,0,0,0.65,0,0,0,0.127,0,0,0,0,0,1.137,3,33
0,0,0,0,0,0,0,0,0,0,0,0,0,0,0,4,0,0,0,0,0,0,0,0,0,0,0,0,0,0,0,0,0,0,0,0,0,0,0,0,0,0,0,0,0,0,0,0,0,0,0,2.597,0,0,4.153,26,54
0,0,0,0,0,0,0,0,0,0,0,0,0,0,0,3.7,0,0,3.7,0,0,0,0,0,0,0,0,0,0,0,0,0,0,0,0,0,0,0,0,0,0,0,0,0,0,0,0,0,0,0,0,0,0,0,1.166,2,7
0,0,0,0,0,0,0,0,0,0,0,4.76,0,0,0,0,0,0,0,0,0,0,0,0,0,0,4.76,0,0,0,0,0,0,0,0,0,0,0,0,0,0,0,0,4.76,0,0,0,0,0,0.645,0,0,0,0,1,1,9
0,0,0,0,1.96,0,0,0,0,0,0,0,0,0,0,0,0,0,0,0,0,0,0,0,0,0,0,0,0,0,0,0,0,0,0,0,0,0,0,0,0,0,0,1.96,0,0,0,0,0,0.666,0,0,0,0,2.111,7,19
0,0,0,0,0,0,0,0,0,0,0,0,0,0,0,0,0,0,0,0,0,0,0,0,0,0,20,0,0,0,0,0,0,0,0,0,0,0,0,0,0,0,0,0,0,0,0,0,0,0,0,0,0,0,1,1,5
0,0,0,0,0,0,0,0,0,0,0,0.45,0,0,0,0,0,0,0,0,0,0,0,0,1.81,0.45,0,0,0,0.9,0,0,0,0,0,0.45,0,0,0,0,0,0,0,0,0.45,0,0,0,0,0,0,0,0,0,1.444,5,104
0.76,0,0.38,0,0.12,0.25,0,0.12,0.12,0,0,0.25,0.38,0,0,0.38,0,0.25,2.92,0,2.92,0,0,0.38,0,0,0,0,0,0,0,0,0,0,0.12,0,0,0,0,0,0,0,0,0,0,0,0,0,0,0.022,0,0.661,0.088,0,2.256,21,325
0,0,0,0,0.24,0.49,0,0,0,0.49,0,0.24,0,0,0,0,0,0,0.99,0,0.49,0,0,0,0.74,0,0,0.74,0,0,0.49,0,0,0,0.74,0,0,0,0,0,0,0,0,0,0,0,0,0,0,0.054,0,0,0.027,0,4.634,157,380
0.32,0,0.8,0,0.8,0.32,0.16,0,0.64,0,0.32,1.44,0.16,0,0,0,0.32,0,3.37,0,1.28,0,0.16,0,0,0,0,0,0,0,0,0,0,0,0,0,0.32,0,0,0,0,0,0,0,0,0,0,0,0,0.05,0,0.05,0.075,0,1.419,15,159
0,0.46,0,0,1.15,0,0.23,0.23,0,0.46,0,0.69,0.23,0,0,0,0.69,0.69,2.76,0,1.84,0,0,0.23,0,0,0,0,0,0,0,0,0,0,0,1.15,0,0,0,0,0,0,0,0,0,0,0,0,0,0.036,0.036,0.841,0.036,0,1.862,52,285
0.96,0,0,0,0.32,0,0,0,0,0,0,0.32,0,0,0,0,0,0,1.93,0,0.32,0,0,0,0,0,0,0,0,0,0,0,0,0,0,0,0,0,0,0,0,0,0,0.32,0,0.32,0,0,0,0.057,0,0,0,0,1.147,5,78
0,0,0,0,0,0,0,0,0,0,0,0,0,0,0,0,0,0,0,0,0,0,0,0,0,0,20,0,0,0,0,0,0,0,0,0,0,0,0,0,0,0,0,0,0,0,0,0,0,0,0,0,0,0,1,1,5
0,0.52,1.05,0,2.63,0.52,1.05,0,0,0,0.52,1.05,0,0,0,1.05,1.05,1.05,4.21,0,1.57,0,0.52,0,0,0,0,0,0,0,0,0,0.52,0,0,0,0,0,0,0,0,0,0,0,0,0,0,0,0,0,0.091,1.276,0.729,0.091,3.062,19,98
0.71,0,0.35,0,0.17,0.17,0.35,0,0,0.35,0.17,0.53,0,0,0,0.35,0.71,0.35,3.76,0,1.97,0,0,0.53,0,0,0,0,0,0,0,0,0,0,0,0,0,0,0,0,0,0,0,0,0,0,0,0,0,0.029,0,0.234,0.029,0,3.519,97,359
2,0,0,0,0,0,0,0,0,0,2,2,0,0,0,0,0,0,2,0,8,0,0,0,0,0,0,0,0,0,0,0,0,0,0,0,0,0,0,0,0,0,0,0,0,0,0,0,0,0,0,0,0,0,5.888,29,53
0,0,0,0,0,0,0,0,0,0,0,0,0,0,0,0,0,0,0,0,0,0,0,0,0,0,0,0,0,0,0,0,5.35,0,0,0.21,0,0,0,0,0,0,0,0,0,0,0,0,0.03,0.06,0,0,0,0,2.444,76,198
0,0,0,0,0,0,0,0,0,0,0,0,0,0,0,0,0,0,0,0,0,0,0,0,0,14.28,14.28,0,0,0,0,0,0,0,0,0,0,0,0,0,0,0,0,0,0,0,0,0,0,0,0,0,0,0,3.333,8,10
0,0,0,0,0,0,0,0,0,0,0,1.31,0,0,0,1.31,0,1.31,0,0,3.94,0,0,1.31,0,0,0,0,0,0,0,0,0,0,0,0,0,0,0,0,0,0,0,0,0,1.31,0,0,0,0,0.194,0,0,0,5.2,55,104
0,0,0,0,0,0,0,0,0,0,0,0,0,0,0,0,0,0,0,0,0,0,0,0,0,0,1.23,0,0,0,0,0,0,0,0,0,0,0,0,0,0,0,0,0,0,0,0,0,0,0,0.186,0,0,0,3.677,28,114
0,0,0,0,0,0,0,0,0,0,0,0,0,0,0,0,0,0,0,0,0,0,0,0,0,0,20,0,0,0,0,0,0,0,0,0,0,0,0,0,0,0,0,0,0,0,0,0,0,0,0,0,0,0,1,1,5
0,0,0,9.16,0.27,0,0.55,0.27,0.27,0.27,0,0.27,0,0,0,0,1.11,0,0.55,0.27,0.83,0,0,0,0,0,0,0,0,0,0,0,0,0,0,0,0,0,0,0,0,0,0,0,0,0,0,0,0.387,0,0,0.301,0,0.043,19.482,694,1130
0,0,0,0,0,0,0,0,0.83,1.66,0,0,0,0,0,0,0,0,0.83,0,2.5,0,0,0,0,0,0,0,0,0,0,0,0,0,0,0,0,0,0,4.16,0,0,0,0,0,0,0,0,0,0.118,0,0,0,0,1.475,11,59
0.3,0,0.3,0,0,0,0,0,0,0,0,1.8,0.3,0,0,0,0,0.9,1.5,0,0.3,0,0,0,0,0,0,0,0,0,0,0,0,0,0,0,0,0,0,0,0,0,0,0,0,1.2,0,0,0.102,0.718,0,0,0,0,1.404,6,118
0,0,0.55,0,1.11,0,0.18,0,0,0,0,0.18,0.92,0,0.18,0,0.37,0.37,3.15,0,0.92,0,0,0,0,0,0,0,0,0,0,0,0,0,0,0,0,0,0,0,0,0,0,0,0,0,0,0,0,0.182,0,0.426,0,0,1.283,4,68
0,0,0,0,0,0,0,0,0,1.05,0,0,0,0,0,0,0,0,0,0,0,0,0,0,1.05,1.05,0,2.1,0,0,0,0,0,0,0,0,0,0,0,0,0,0,0,0,0,0,0,0,0,0.563,0,0,0,0,3.571,11,75
0,0,0.44,0,0.88,0.22,0,0,0,0,0,0.44,0,0.22,0,0,0,0,0.66,0,0.44,0,0,0,0,0,0,0,0,0.66,0,0,0,0,0,0,0,0,0,0,0,0,0,0.44,0,0,0,0,0.037,0.224,0,0,0.187,0.149,3.384,21,264
0,0,0,0,0,0,0,0,0,0,0,0,0,0,0,0,0,0,0,0,0,0,0,0,0,0,0,0,0,0,0,0,0,0,0,0,0,0,0,0,0,5.55,0,0,0,0,0,0,0,0,0,0,0,0,1.375,4,11
0,0,0,0,0,0,0,0,0,0,0,0,0,0,0,0,0,0,2.32,0,0,0,0,0,0,0,0,0,0,0,0,0,0,0,0,0,0,0,0,0,0,0,0,0,2.32,2.32,0,0,0,0,0,0,0,0,1.666,5,25
0,0.56,0.28,0,0,0,0.56,0,0,0.56,0.28,0.56,0.28,0,0,1.41,0.28,0,1.97,0,1.12,0,0,0,0,0,0,0,0,0,0,0,0,0,0,0,0,0,0,0,0,0,0,0,0.28,0,0,0,0,0.118,0,0.158,0,0.158,9.25,394,555
0,0,0,0,0.63,0,0,0,0,0,0,0,0,0,0,0,0,0,0,0,0,0,0,0,0,0.31,0,0,0,0,0,0,1.26,0,0,0,0,0,0,0,0.31,0,0,0,0.31,0,0,0,0,0.14,0,0,0,0,1.592,7,129
0,0.37,0.37,0,0.09,0.09,0,0.37,0,0,0,0.28,0.28,0,0,0.84,0.09,0.56,2.72,0,2.16,0,0.18,0,0,0,0,0,0,0,0,0,0,0,0,0,0.09,0,0,0,0,0,0,0,0.18,0,0,0,0,0.056,0,0.142,0.071,0.014,1.934,19,383
0,0,0,0,0,0,0,0,0,0,0,0,0,0,0,0,0,0,0,0,0,0,0,0,5.12,2.56,2.56,2.56,2.56,2.56,2.56,2.56,0,2.56,2.56,2.56,0,0,0,2.56,0,0,0,0,0,0,0,0,0,0.881,0,0,0,0,2.5,11,40
0,0,0,0,0,0,0,0,0,0.69,0,2.09,0,0,0,0,0,0,4.19,0,0.69,0,0,0,1.39,3.49,0,1.39,0.69,0.69,0,0,0,0,0.69,1.39,0,0,0,0,0,0,0,0,0,0,0,0,0,0.281,0,0,0.093,0,2.744,12,129
0,0.2,0.61,0,1.03,0,0.41,0.2,0,0.2,0,0.41,0.2,0,2.06,0.2,0,2.47,2.06,0,1.03,0,0,0,0,0,0,0,0,0,0,0,0,0,0,0,0,0,0,0.2,0,0,0,0,0.2,0,0,0,0,0,0,0.238,0.034,0,3.632,32,247
0.1,0.1,0.71,0,0.61,0.3,0.4,0.1,1.42,0.81,0.1,0.5,0,0,0,0.1,0,1.01,2.34,0.5,2.03,0,0,0.3,0,0,0,0,0,0,0,0,0,0,0.1,0,0,0,0.1,0,0,0,0,0,0,0,0,0,0,0,0.256,0.928,0.384,0.032,3.179,56,1043
0,0.02,0.05,0,0.02,0,0,0.05,0,0.35,0,0.02,0,0,0,0.05,0.1,0.38,0.07,0.2,0.17,0,0,0,0.02,0,0,0,0,0,0,0,0,0,0,0,0,0,0,0,0,0,0,0,0,0,0,0,0,0.004,0,0.112,0.018,0.018,3.922,489,3271
0,0,0,0,0,0,0,0,0,0,0,0,0,0,0,0,0,0,5,0,0,0,0,0,0,0,0,0,0,0,0,0,0,0,0,0,0,0,0,0,0,0,0,0,5,5,0,0,0,0,0,1.438,0,0,1,1,7
0,0,0,0,0,0,0,0,0,0,0,3.22,0,0,0,0,0,0,0,0,0,0,0,0,0,0,0,0,0,0,0,0,0,0,0,0,0,0,3.22,0,0,0,0,0,0,0,0,0,0,0,0,0.564,0,0,1.818,9,20
0,0,0,0,0,0,0,0,0.14,0,0,0.43,0,0,0,0,0.14,0,0,0,0.14,0,0,0,0.14,0.57,0,0,0,0,0,0,0.14,0,0,0.43,0,0,0,0,0,0,0,0,0,0,0,0.14,0.058,0.156,0,0,0,0,1.566,13,462
0,0.47,0,0,0.94,0,0.94,0,0,0,0,0.47,0.47,0,0.47,0,0,0,1.89,0,0.47,0,0,0,0,0,0,0,0,0,0,0,0,0,0,1.42,0,0,0,0,0,0,0,0,0,0,0,0,0,0.074,0.074,0,0,0,2.125,11,102
0,1.78,0,0,0,0,0,0,0,1.78,0,3.57,0,0,0,0,0,0,8.92,0,1.78,0,0,0,0,0,0,0,0,0,0,0,0,0,0,0,0,0,1.78,0,0,0,0,0,1.78,0,0,0,0,0,0,0,0,0,2.388,21,43
0,0,0.58,0,0,0.58,0,0,0,0,0,0,0,0,0,0,0,0,1.76,0,1.17,0,0,0,0,0,0,0,0,0,0,0,0,0,0,0,0,0,0,0,0,0,0,0,0,0,0,0,0,0.108,0.108,0.432,0,0,1,1,35
0,0.35,0.17,0,0,0,0,0,0.17,1.25,0,0.53,0,0,0,0,0,0.17,3.21,0,1.25,7.32,0,0.17,0,0,0,0,0,0,0,0,0,0,0,0,0,0,0,0,0,0,0.17,0,0,0,0,0,0,0.066,0,0,0.099,0.63,16.418,158,903
0,0,0,0,0,0,0,0,0.62,0,0,0.2,0,0,0,0,0,0,0,0,0,0,0,0,3.34,2.3,0,0,0,0,0,0,0,0,0.2,0,0.62,0,0.2,0,0,0,0.41,0,0,0,0,0,0.085,0.198,0.056,0,0,0.454,3.414,108,536
0,0.7,0,0,2.83,0,0,0,0,0.7,0,0.7,0,0,0,1.41,1.41,0,7.09,0,5.67,0,0,0,0,0,0,0,0,0,0,0,0.7,0,0,0,0,0,0,0,0,0,0,0,0,0,0,0,0,0,0,0,0,0.126,4.176,44,142
0,0,0,0,0.87,0,0,1.16,0,0,0.29,1.74,0,0,0,0,0.87,0,4.95,0,2.91,0,0,0,0,0,0,0,0,0,0,0,0,0,0,0,0,0,0,0,0,0,0,0,0,0,0,0,0.151,0,0,0,0,0,1.095,4,46
0,0,1.78,0,0,0,0,0,0,0,0,1.78,0,0,0,0,0,0,1.78,0,0,0,0,0,0,0,0,0,0,0,0,0,0,0,0,0,0,0,0,0,0,0,0,0,0,0,0,0,0,0,0,1.351,0,0.27,32,75,160
2.27,0,0,0,0,0,0,0,0,2.27,0,0,0,0,0,0,0,0,2.27,0,0,0,0,0,0,0,0,0,0,0,0,0,0,0,0,0,0,0,2.27,0,0,0,0,0,2.27,0,0,0,0,0,0,0,0,0,1.2,3,12
0,0,0,0,6.25,0,3.12,0,0,0,0,3.12,0,0,0,0,0,0,6.25,0,0,0,0,0,0,0,0,0,0,0,0,0,0,0,0,0,0,0,0,0,0,0,0,0,0,0,0,0,0,0,0,0,0,0,9.428,60,66
0,0,0.36,0,0.6,0.12,0.12,0,0,0,0.12,0.48,0.12,0.12,0,0.12,0,0.6,2.41,0,0.24,0,0,0,0,0,0,0,0,0,0,0,0,0,0,0,0,0,0,0,0,0,0,0,0,0,0,0,0.056,0.037,0,0.056,0.094,0,1.246,14,389
0.13,0.13,0.13,0,0.55,0.27,0.27,0.13,1.11,0.27,0,0.97,0.27,0,0.13,0,0,0,3.91,0.13,2.65,0,0.13,0.55,0,0,0,0,0,0,0,0,0,0,0,0,0,0,0,0.13,0,0,0,0,0,0,0,0,0,0.018,0,1.294,0.182,0,4.745,232,726
0,0,0,0,0,0,0,0,0,0,0,4.58,0,0,0,0,0.91,0,0,0,0.91,0,0,0,1.83,0,0,0,0,0.91,0,0,0,0,0,0.91,0,0,0.91,0,0,0,0,0,0,0,0,0,0,0.12,0,0.241,0,0,3.541,26,85
0,0,0,0,0,0,0,0,0,0,0,0,0,0,0,0,0,0,0,0,0,0,0,0,0,0,25,0,0,0,0,0,0,0,0,0,0,0,0,0,0,0,0,0,0,0,0,0,0,0,0,0,0,0,2.333,5,7
0,0.99,0,0,0.49,0,0,0.49,0,0,0,0.49,0,0,0,0,0,1.98,2.97,0,1.48,0,0,0,0,0,0,0,0,0,0,0,0,0,0,0.49,0,0,0,0,0,0,0,0,0,0,0,0,0,0,0,0.081,0,0,1.348,4,58
0,0,0,0,0,0,0,0,0,0,0,0,0,0,0,0,0,0,1.29,0,0.64,0,0,0,0,0,0,0,0,0,0,0,0,0,0,0,0,0,0,0,0,0,0,0,0,0,0,0,0,0,0,0,0,0,1.103,3,32
0,0,0,0,0,0,0,0,0,0,0,0.84,0,0,0,0,0,0,2.52,0,1.68,0,0,0,0,0,0,0,0,0,0,0,0,0,0,0.84,0,0,0,0,0,0,0,0,0,0,0,0,0,0.139,0,0,0,0,1.304,6,30
0,0,0,0,3.09,0,1.03,1.03,0,1.03,0,1.03,0,0,0,2.06,0,0,2.06,0,1.03,0,0,0,0,0,0,0,0,0,0,0,0,0,0,0,0,0,0,0,0,0,0,0,1.03,0,0,0,0,0,0,0,0,0,10.692,65,139
0,0,0,0,0,0,0,0,0,0.42,0,0.42,0,0,0,0,0,0,3.4,0,0.42,0,0,0.42,1.27,0.85,0,0.85,0,0.42,0,0,0,0,0,0,0,0,0,0,0,0,0,0.42,0,0,0,0,0,0.155,0,0,0,0,2.555,11,92
0,0,0.64,0,0,0,0,0,0,0,0,0,0,0,0,0,0,0,3.22,0,0,0,0,0,0.64,0,0,0,0,0,0,0,0,0,0,0,0.64,0,0.64,0,0,0,0,0,1.29,2.58,0,0,0,0.348,0,1.16,0,0,3.121,15,103
0,0,0.21,0,0.21,0,0,0.21,0,0,0,0,0,0,0,0,0,0,1.94,0,0.43,0,0,0,0,0,0,0,0,0,0,0,0,0,0,0,0,0,0,0,0,0,0,0,0,0,0,0,0.079,0,0.039,0.119,0,0.039,1.086,3,101
0,0,0,0,0,0,0,0,0,0,0,0,0,0,0,0,0,0,0,0,0,0,0,0,0,0,20,0,0,0,0,0,0,0,0,0,0,0,0,0,0,0,0,0,0,0,0,0,0,0,0,0,0,0,1,1,5
0,0.55,0.55,0,1.1,0.55,2.2,0,0,0.55,0,0.55,0,0,0,0,0,0.55,3.31,0,1.1,0,0,0,0,0,0,0,0,0,0,0,0,0,0,0,0,0,0,0,0,0,0,0,0.55,0,0,0,0,0.165,0,0.495,0,0.082,16.826,148,387
0,0,0,0,0,0,0,0,0,1.51,0,0,0,0,0,0,0,0,0,0,0,0,0,0,0,0,1.51,0,0,0,0,0,0,0,0,0,0,0,0,0,0,0,0,0,0,0,0,0,0,0,0,0,0,0,1.615,4,21
0,0,1.77,0,0,0,0,0,0,0,0,0.59,0,0,0,0,0,0.59,4.14,0,1.18,0,0,0,0,0,0,0,0,0,0,0,0.59,0,0,0,0,0,0,0,0,0,0,0,0,0,0,0,0,0.165,0,0.165,0.082,0,2.325,16,100
0,0,0,0,0.54,0,0,0,0,1.63,0.54,0.54,0.54,0,0,0,0,0,2.18,0,1.09,0,0,0,1.09,0.54,0,0,0,0,0,0,0,0,0.54,0,0,0,0,0,0,0,0,0,0,0,0,0,0,0.09,0.09,0,0,0,1.969,16,65
0,0,0,0,0,0,0,0,0,0,0,0,0,0,0,0,0,0,0,0,0,0,0,0,0,0,14.28,0,0,0,0,0,0,0,0,0,0,0,0,0,0,0,0,0,0,0,0,0,0,1.754,0,0,0,0,1,1,7
0.33,0.42,0.75,0,0,0.25,0,0.08,0.16,1.09,0.33,1.09,0.16,0,0,0.67,0.67,0.08,2.52,0,0.92,0,0,0.5,0,0,0,0,0,0,0,0,0,0,0,0,0,0,0,0.08,0,0,0,0,0.08,0,0,0,0.014,0.029,0,0.523,0.378,0,3.631,67,897
0,0,0,0,0,0,0,0,0,1.25,0,1.25,0,0,0,0,0,0,2.5,0,1.25,0,0,0,1.25,1.25,0,0,0,0,0,0,0,0,0,0,0,0,1.25,0,0,0,0,0,1.25,1.25,0,0,0,0,0,0,0.204,0,2.45,15,49
0.14,0,0.21,0,1.72,0.43,0,0,0.07,0.14,0.07,0.57,0.35,0.07,0,0,0.28,0,4.31,0.28,0.64,0,1,0.07,0,0,0,0,0,0,0,0,0,0,0,0,0,0,0,0,0,0,0.07,0,0,0,0,0,0.012,0.064,0,0,0.206,0,1.711,10,380
0,0,0,0,0.44,0,0,0,0,0,0.44,0.89,0,0,0,0,0,0,1.78,0,0,0,0,0,0,0,0,0,0,0,0,0,0,0,0,0,0.89,0,0,0,0,0,0,0,0,1.33,0,0,0,0.139,0,0,0,0,1.731,16,116
0,0,0,0,1.28,0,2.56,1.28,1.28,1.28,1.28,1.28,0,0,0,0,5.12,0,2.56,1.28,5.12,0,0,0,0,0,0,0,0,0,0,0,0,0,0,0,0,0,0,0,0,0,0,0,0,0,0,0,0,0,0,0.542,0,0,102.666,304,308
0,0,0,0,0,0.27,0,0,0,0.27,0,0.27,0,0,0,0.27,0,0,2.18,0,2.73,0,0,0,0.27,0,0,0,0,0,0.27,0,0,0,0,0,0,0,0,0,0,0,0,0,0,0,0,0,0,0,0,0,0,0,2.593,18,166
0,0,0,0,0.86,0,0,0,0,0,0,0,0,0,0,0,0,0,1.73,0,0.86,0,0,0,0,0,0,0,0,0,0,0,0,0,0,0,0,0,0,0,0.86,0,0,0.86,0,0.86,0,0,0,0.152,0,0.457,0,0,1.192,3,31
0,0,0,1.33,0,0,0,1.33,0,0,0,0,0,0,0,1.33,0,0,0,0,1.33,0,0,0,0,0,0,0,0,0,0,0,0,0,0,0,0,0,0,0,0,0,0,0,0,0,0,0,0,0,0,0.684,0,0.228,3,12,69
0.17,0.26,1.21,0,0.43,0.6,0.43,0.26,0.69,0.52,0.26,1.3,0.17,0,0.6,0.69,0.08,1.47,2.43,0.17,1.04,0,0.95,0.17,0,0,0,0,0,0,0,0,0,0,0,0,0,0,0,0.08,0,0,0,0,0.08,0,0,0,0,0.107,0,0.256,0.242,0.013,6.142,583,1339
0,0,0,0,0,0,0,0,0,0,0,0,0,0,0,0,0,0,0.85,0,0,0,0,0,4.27,3.41,2.56,0.85,0.85,0.85,0.85,0.85,0,0.85,0.85,0.85,0.85,0,0.85,0.85,0,0,0.85,0,0.85,0,0,0,0,0.278,0.139,0,0,0,2.138,12,77
0,0,0,0,0,0,0,0,0,0,0,0,0,0,0,0,0,0,4.37,0,0.62,0,0,0,0,0,0,0,0,0,0,0,0,0,0,0,0,0,0,0,0,0,0,0,0,0,0,0,0,0,0,0,0.116,0,1.419,5,44
0.78,0,0.78,0,1.56,0,0,0,0,0,0,0,0,0,0,0.78,0.78,0,1.56,0,2.34,0,0.78,0,0,0,0,0,0,0,0,0,0,0,0,0,0,0,0,0,0,0,0,0,0,0,0,0,0,0,0,0.792,0.339,0,2.627,22,113
0,0,0,0,1.91,0,0.31,0.31,0,0.31,0.63,1.59,0.63,0,0.63,0,0.63,2.23,3.19,0,1.59,0,0.31,0,0,0,0,0,0,0,0,0,0,0,0,0,0,0,0,0.63,0,0,0,0,0,0,0,0,0,0.092,0,0.323,0,0,2.15,18,86
0,0,0.15,0,0.62,0,0.31,0,1.09,0,0,0,0.46,0,0,0.15,0.15,1.4,2.19,0,1.09,0,0.62,0,0,0,0,0,0,0,0,0,0,0,0,0,0,0,0,0,0,0,0,0,0,0,0,0,0,0.252,0,0.378,4.017,0,3.278,23,259
0.31,0,0,0,0,0,0,0,0,0,0.31,0.31,0.31,0,0,0,0.31,0,2.79,0,1.55,0,0,0,0,0,0,0,0,0,0,0,0,0,0,0.31,0,0,0,0,0,0,0,0,0,0,0,0,0.114,0,0,0.057,0,0,2.972,18,110
0.07,0,1,0,0.3,0.46,0.07,0.23,0.23,0,0.3,1.31,0.15,0,0.07,1.39,0.15,0.85,2.24,0,0.77,0,0,0.3,0,0,0,0,0,0,0,0,0,0,0,0,0,0,0,0.15,0,0,0,0,0,0,0,0,0.024,0.183,0,0,0.183,0,3.211,84,700
0.34,0,1.7,0,1.02,0,0,0,0.68,1.02,0,0,0,0,0,0,0,0,0.34,1.02,0.68,0,0,0,0.34,0,0,0,0,0,0,0,0,0,0,0,0,0,0,0,0,0,0,0,0,0,0,0,0,0,0,0.899,0.105,0,667,1333,1334
2.77,0,0,0,0,0,0,0,0,0,0,0,0,0,0,0,0,0,0,0,0,0,0,0,0,0,0,0,0,0,0,0,0,0,0,0,0,0,0,0,1.38,0,0,0,1.38,0,0,0,0,0,0,0.213,0,0,1.75,6,49
0,0,0,0,0,0,0,0,0,0,0,0,0,0,0,0,0,0,0,0,0,0,0,0,0,0,0,0,0,0,0,0,0,0,0,0,0,0,0,0,0,0,0,0,0,0,0,0,0,0,0,0,0,0,1,1,6
0,0,0,0,0,0,0,0,0,1.43,0,0,0,0,0,0,0,0,2.15,0,0.71,0,0,0,0,0,0,0,0,0,0,0,0,0,0,0,0,0,0,0,0,0,0,0,0.71,0.71,0,0,0,0,0,0,0,0,2.939,51,97
0.26,0.26,0.52,0,0.39,0,0.39,0.13,0,0.26,0,0.78,0.26,0,0,1.57,0,0.26,2.61,0,1.57,0,0.13,0.39,0,0,0,0,0,0,0,0,0,0,0,0,0.13,0,0,0,0,0,0,0,0,0,0,0,0,0.129,0,0.779,0.021,0.021,2.689,49,476
0,0,0,0,0,0,0,0,0,0,0,0,0,0,0,0,0,0,0,0,0,0,0,0,0,0,2,0,2,0,0,0,2,0,0,0,0,0,0,0,0,0,0,0,0,0,0,0,0,0.337,0,0,0,0.337,2.95,7,59
0,0,0,0,0.9,0,0,0,0,0,0,0,0,0,0,0,0,0,2.7,0,0.9,0,0,0,0,0,0,0,0,0,0,0,0,0,0,0,1.8,0,0,0,0,0,1.8,0,0.9,0,0,0,0,0,0,0.281,0,0,1.551,13,76
0,0,1.23,0,0,0,0,0,0,0,0,2.46,0,0,0,0,0,2.46,1.23,0,1.23,0,0,0,2.46,1.23,0,1.23,0,1.23,1.23,0,0,0,1.23,1.23,2.46,0,0,0,0,0,0,0,0,0,0,0,0,0.139,0,0.279,0,0,1.736,10,66
0,0,0,0,0,0,0,0,0,0.33,0,0,0.33,0,0,0,0,0,2,0,0.33,0,0,0.33,0,0,0,0,0,0,0,0,0,0,0,0,0.33,0,0,0,0,0,0,0,0,4.33,0,0,0,0.112,0,0.224,0.224,0,1.542,15,108
0,0.6,0,0,0.6,0,0,0,0,2.43,0,0.6,0,0,0,0,0,0,1.82,0,0.6,0,0,0,0,0,0,0,0,0,0,0,0,0,0,0,0,0,0,0,0,1.21,0,0,0,1.82,0,0,0,0.271,0,0,0,0.09,6.09,71,201
0,0,0,0,0,0,0,0,0,0,0,0,0,0,0,0,0,0,0,0,0,0,0,0,0,0,0,0,0,0,0,0,0,0,0.08,0,0,0,0,0,0,0,0,0,0.08,0,0,0,0,2.263,0,0,0,0,3.149,9,1310
0,0,4.34,0,0,0,0,0,0,0,0,0,0,0,0,0,0,0,0,0,0,0,0,0,0,0,0,0,0,0,0,0,0,0,0,0,0,0,0,0,0,0,0,0,0,0,0,0,0,0,0,1.342,0,0,1.2,2,12
0,0,0,0,0,0,0,0,0,1.2,0,2.4,0,0,0,0,0,0,4.81,0,1.2,0,0,0,0,0,1.2,0,0,0,0,0,0,0,0,0,0,0,0,0,0,0,1.2,0,0,0,0,0,0,0.227,0,0,0,0,1.062,2,17
0,0,0,0,0.67,0,0,0,0,0.67,0,0.67,0,0,0,0,0,0,0.67,0,0,0,0,0,4.05,4.05,0,2.02,0,0,0,0,0,0,0.67,0,0.67,0,0,0,0,0,0,0,0,0,0,0,0,0.613,0,0,0,0,2.976,24,128
0,0,1.29,0,0,0,0,0,0,0,0,1.29,0,0,0,0,0,0,1.29,0,5.19,0,0,1.29,0,0,0,0,0,0,0,0,0,0,0,0,0,0,0,0,0,0,0,0,0,0,0,0,0,0,0,0,0.208,0,4.818,25,53
0,0,0,0,0,0,0,0,0,0,0,0,0,0,0,0,0,0,0.97,0,0.97,0,0,0,1.94,0.97,0,2.91,0,0,0,0,0,0,1.94,0,0,0,0,0,0,0,0,0,0,0,0,0,0,0.141,0,0,0,0,3.178,15,89
0.19,0,0.19,0,0.87,0.48,0.09,0,0.09,0.39,0.48,0.68,0.19,0,0.09,0.29,1.07,0.39,3.51,0.78,1.56,0,0.09,1.36,0,0,0,0,0,0,0,0,0,0,0,0,0,0,0,0,0,0,0,0,0.09,0,0,0,0.015,0.18,0,0.045,0.015,0,2.133,40,303
0.28,0,0.28,0,0,0,0,0,0,0,0,0.28,0.28,0,0,0.28,0,0.28,1.97,0,0,0,0,0.28,0,0,0,0,0,0,0,0,0,0,0,0,0,0,0,0,0,0,0,0,0,0.28,0,0,0,0.103,0,5.054,0,0,1.403,18,80
0,0,0,0,0,0,0,0,0,0,0,0,0,0,0,0,0,0,0,0,0,0,0,0,0,0,16.66,0,0,0,0,0,0,0,0,0,0,0,0,0,0,0,0,0,0,0,0,0,0,0,0,0,0,0,1.666,3,5
0,0,1.33,0,0,0,0,0,0,0,0,0,0,0,0,0,0,1.33,0,0,0,0,0,0,2.66,1.33,0,1.33,0,1.33,1.33,0,0,0,1.33,1.33,0,0,0,0,0,0,0,0,0,0,0,0,0,0.288,0,0.144,0,0,1.857,10,39
0,0,0,0,0,0,0,0,0,0,0,0,0,0,0.44,0,0,0.44,0,0,0,0,0,0,0.44,0.44,0,0.88,0,0,0,0,0,0,0.44,0,0,0,0,0,0,0,0,0.44,0,0,0,0,0,0.119,0,0,0,0,1.842,15,105
0,0.48,0.48,0,0.48,0,0,0.48,0,0,0,0.96,0,0,1.92,0,0.48,0.96,2.88,0,2.88,0,1.44,0,0,0,0,0,0,0,0,0,0,0,0,0,0,0,0,0.48,0,0,0,0,0,0,0,0,0,0.084,0,0.084,0.336,0,3.2,12,80
0.09,0.49,0.59,0,0.49,0.19,0,0,0.09,0.39,0,1.57,0.19,0,0,0,0.09,0,3.74,0.09,1.08,0,0,0.09,0,0,0,0,0,0,0,0,0,0,0,0,0,0,0,0,0,0,0,0,0,0,0,0,0.765,0.037,0,5.803,1.284,0,5.944,54,755
0.41,0,1.25,0,0.2,0.2,0,0,0,0.41,0,1.25,0,0,0,0.62,1.25,0,4.6,0,2.3,1.67,0.62,0.2,0,0,0,0,0,0,0,0,0,0,0,0,0,0,0.2,0,0,0,0,0,0,0,0,0,0,0.153,0,0.345,0.345,0.306,5.132,37,426
0,0.02,0.05,0,0.02,0,0,0.05,0,0.35,0,0.02,0,0,0,0.05,0.1,0.38,0.07,0.2,0.17,0,0,0,0.02,0,0,0,0,0,0,0,0,0,0,0,0,0,0,0,0,0,0,0,0,0,0,0,0,0.004,0,0.107,0.017,0.017,3.922,489,3271
0,0,0,0,0,0,0,0,0,0,0,0,0,0,0,0,0,0,0.98,0,1.96,0,0,0,0,0,0,0,0,0,0,0,0.98,0,0,0,0,0,0,0,0,0,0,1.96,0,0.98,0,0,0,0,0,0,0,0,2,13,42
0,0,0,0,0,0,0,0.26,0.39,0,0.13,0.52,0.26,0,0,0,0,0,0,0,0,0,0,0,4.22,0.13,0,0,0,0,0,0,0,0,0,0.13,0.13,0,0,0,0,0,0,0.13,0,0,0,0,0.017,0.107,0,0,0.071,0,2.848,26,433
0,0,0,0,0.58,0,0,0,0,0,0,0,0,0,0,0,0,0,0.87,0,0.29,0,0,0,0.29,0.29,0.29,0.58,0,0,0,0,0,0.29,0.58,0,0,0,0,0,0,0,0,0,0,0,0,0,0,0.22,0,0,2.038,0,13.562,351,434
0,0,0.16,0,0.16,0,0.16,0,0.65,0.16,0.16,0,0,0,0,1.64,0,0.65,0.82,0,0,0,0,0,0,0,0,0,0,0,0,0,0,0,0,0,0,0,0,0.16,0,0,0,0,0,0,0,0,0,0.066,0,0.906,0.663,0,5.289,52,1116
0.49,0,0.99,0,0.99,0,0.99,0,0,0,0,0.49,0,0,0,0.49,0.49,0,4.45,0,0.99,0,1.48,0,0,0,0,0,0,0,0,0,0,0,0,0,0,0,0,0,0,0,0,0,0.49,0,0,0,0,0,0,1.118,0.239,0,5.228,69,183
0.41,0,0,0,0,0.82,0,0,0,0,0,1.23,0,0,0,0,0,0,0,0,0,0,0,0,3.3,0,0,0,0,1.65,0,0,0,0,0,0.82,0,0,0,0,0,0,0,0.41,0,0,0,0.41,0,0.198,0,0,0,0,1.569,7,113
0,0.79,0,0,0,0,0,0,0,0,0,0,0,0,0,0.79,1.58,1.58,3.96,0,1.58,0,0,0,0,0,0,0,0,0,0,0,0,0,0,0,0,0,0,0,0,0,0,0,0.79,0,0,0,0,0.268,0,0.268,0,0,2.815,26,107
0,1.96,0.98,0,0,0,1.96,0,0,0,0,0,0,0,0,0.98,0,0,0.98,0,0.98,0,0,0,0,0,0,0,0,0,0,0,0,0,0,0,0,0,0,0,0,0,0,0,0.98,0,0,0,0,0.168,0,1.011,0,0,2.888,12,52
0,0.26,0.78,0,0.26,0.43,0.08,1.12,0.43,1.47,0.26,0.69,0.17,0.08,0.69,0.86,0.6,0,1.82,0.6,1.39,0,0.08,0.26,0,0,0,0,0,0,0,0,0.08,0,0,0,0,0,0,0,0,0,0,0,0.26,0.08,0,0,0.097,0.222,0,0.444,0.25,0.111,3.138,54,929
0,0,1.49,0,0,0,0,0,0,0,0,0,0,0,0,0,0,0,1.49,0,2.98,0,0,0,0,0,0,0,0,0,0,0,0,0,0,0,0,0,0,0,0,0,0,0,1.49,0,0,0,0,0,0,1.069,0,0,1,1,13
0.37,0.75,1.13,0,0.37,0,0,0.37,0.37,1.88,0.37,2.64,0,0.37,0,0.37,0,0,2.26,0,4.52,0,0.37,0,0,0,0,0,0,0,0,0,0,0,0,0,0,0,0,0,0,0,0,0,0,0,0,0,0,0.197,0,1.248,0.197,0.065,58.705,842,998
0,0,0,0,0,0,0,0,0,0,0,0,0,0,0,0,0,0,0,0,0,0,0,0,1.53,6.15,0,0,0,0,0,0,0,0,0,0,1.53,0,0,0,0,0,0,0,0,0,0,0,0,0,0,0,0,0,1.714,6,36
0,0.22,0.33,0,0.22,0.11,0,0,0,0,0.11,0.44,0,0,0,0,0,0,0.44,0,0.11,0.11,0,0,0.11,0.11,0,0,0,0,0,0,0.11,0,0,0,0,0,0.11,0,0,0,0,0,0.66,0,0,0,0.019,0.253,0,0,0,0,2.068,11,395
0,0,0,0,1.63,0,0,0,0,1.63,0,0.81,0,0,0,0,0,0,3.27,0,0,0,0,0,0,0,0,0.81,0,0,0,0,0,0,0,0,0,0,0,0,0,0,0,0,0,0.81,0,0,0,0,0,0,0,0,1.558,11,53
0,0,0,0,0.81,0,0,0,0,0,0,0.81,0.81,0,0,0,0,0,1.62,0,0,0,0,0,0.81,0,1.62,0,0,0,0,0,0,0,0,0,0,0,0,0,0,0,0,0,0.81,0,0,0,0,0.143,0,0.143,0,0,1.055,2,19
0,0.54,0,0,0.54,0,0,0,0,0,0,0,0,0,0,0,0,0,0,0,0,0,0,0,0.54,0.54,0,0,0,0,0,0,0,0,0,0,0,0,0,0,0,0,0,0,1.09,0,0,0,0,0.182,0.091,0.091,0,0,1.212,5,40
0,0,0,0,0,0,0,0,0,0,0,0,0,0,0,0,0,0,0,0,0,0,0,0,7.14,3.57,3.57,3.57,3.57,3.57,3.57,3.57,0,3.57,3.57,3.57,0,0,0,3.57,0,0,0,0,0,0,0,0,0,0.956,0,0,0,0,3.6,11,36
0,1.35,0.19,0,0,0,0,0,0,1.74,0,0.19,0,0,0,0,0,0,0,0,0.38,0,0,0,2.32,0.96,0,0,0,0,0,0,0,0,0.58,1.16,0.38,0,0,0,0,0,0.19,0,0,0,0,0.58,0,0.337,0,0,0,0,3.937,44,693
0,14.28,0,0,0,0,0,0,0,0,0,0,0,0,0,0,0,0,0,0,0,0,0,0,0,0,0,0,0,0,0,0,0,0,0,0,0,0,0,0,0,0,0,0,0,0,0,0,0,0,0,0,0,0,1.8,5,9
0,0,0,0,0,0,0,0,0,0,0,0,0,0,0,0,0,0,0,0,0,0,0,0,0,0,4.34,0,0,0,0,0,0,0,0,0,4.34,0,8.69,0,0,0,0,0,0,0,0,0,0.636,1.273,0,0,0,0,3.5,24,35
0,0,0,0,0,0,0,0,0,0,0,3.57,0,0,0,0,0,0,0,0,10.71,0,0,0,0,0,3.57,0,0,0,0,0,0,0,0,0,0,0,0,0,0,0,0,0,0,0,0,0,0,0,0,0,0,0,1,1,7
0.33,0,1.65,0,0.99,0,0.33,0,0.66,1.32,0,0,0,0,0,0,0,0,0.33,0.99,0.66,0,0,0,0.33,0,0,0,0,0,0,0,0,0,0,0,0,0,0,0,0,0,0,0,0,0,0,0,0,0,0,0.859,0.101,0,337.25,1146,1349
0,0,0,0,0,0,0,0,0,0,0,0,0.47,0,0,0,0,0,1.43,0,0,0,0,0,0,0,0,0,0,0,0,0,0,0,0,0,0,0,0.47,0,0,0,0,0.47,0.47,1.91,0,0,0,0.076,0,0.076,0,0,1.833,12,77
0,0,0,0,0.21,0,0,0,0,0,0,0,0,0,0,0,0,0,0,0,0,0.21,0,0,0,0,0,0,0,0,0,0,0,0,0,0,0,0,0,0,0,0,0,0,0,0,0,0,0,0.205,0,0.034,0,0,3.168,15,339
0,0,0,0,0,0,0,0,0,0,0,0,0,0,0,0,0,0,0,0,0,0,0,0,8.1,5.4,0,0,0,0,0,0,0,0,0,0,0,0,0,0,0,0,0,1.35,0,0,0,0,0,0,0,0,0,0,1.142,2,8
0.23,0,0,0,0.23,0.23,0,0,0,0,0,0.23,0,0,0,0.23,0,0,0.47,0,0,0,0,0,0.47,0.23,0,0,0,0.47,0.23,0,0.47,0,0,0,0.23,0,0,0,0,0,0,0,0,0,0,0,0.107,0.107,0,0,0,0,1.595,8,142
0,0,0,0,0,0,0,0,0,0,0,0.68,0,0,0,0,0,0,0.68,0,0,0,0,0,0,0,0.68,0,0,0,0,0,0,0,0,0,0,0,0,0,0,0,0,0,0.68,0,0,0,0,0.237,0,0,0,0,1.8,9,36
0.17,0,0.08,0,0.42,0.08,0.08,0.42,0.08,0.08,0,0.6,0.17,0.17,0,0,0.17,0.08,1.2,0,3.17,0,0.34,0.08,0,0,0,0,0,0,0,0,0,0,0,0,0,0,0,0,0,0,0,0,0,0,0,0,0,0.085,0.028,0.099,0.014,0,4.07,48,574
0,0,0,0,0,0,0,0,0,1.28,0,0,0,0,0,0,0,0,2.56,0,0,0,0,0,0,0,0,0,0,0,0,0,0,0,0,0,0,0,1.28,0,0,0,0,0,0,0,0,0,0,0,0,0.232,0,0,1.296,8,35
0,0,0,0,0,0,0,0.67,0,0,0,1.35,0,0,0,0.67,0,0,4.05,0,2.02,0,0,0,0.67,0,0,0,0,0,0,0,0,0,0.67,0,0,0,0,0,0,0,0,0,0.67,0,0,0,0,0.386,0,0,0,0,3.27,19,121
0,0,0.55,0,0.22,0.22,0.11,0,0.11,0.22,0,0.33,0.33,0,0,0,0.22,0,0,0,0,0,0.55,0,0,0,0,0,0,0,0,0,0,0,0,0,0,0,0,0,0,0,0,0,0,0,0,0,0,0.155,0,0.034,0.12,0,1.961,14,302
0,0,0.09,0,0,0.09,0,0.27,0,0,0.18,1.49,0.09,0.09,0,0,0.46,0,0,1.49,0,0,0.09,0,2.42,0,0,0,0,0,0,0,0,0,0,0.09,0.18,0,0,0,0,0,0,0,0,0,0,0,0.066,0.118,0,0,0.066,0,2.156,26,552
0,0,1.04,0,1.04,0,0,0,0,0,0,1.04,0,0,0,0,0,0,0,0,0,0,0,0,2.08,2.08,0,2.08,0,0,0,0,0,0,0,0,0,0,0,0,0,0,0,0,0,0,0,0,0,0.313,0,0,0,0,2.108,22,78
0,0,0,0,0,0,0,0,0,2.5,0,0,0,0,0,0,0,0,2.5,0,2.5,0,0,0,0,0,0,0,0,0,0,0,0,0,0,0,0,0,0,0,0,0,0,0,0,0,0,0,0,0,0,0,0,0,1.416,3,17
0.15,0.1,0,0,0.3,0.15,0,0.3,0,0,0,0.6,0,0,0,0,0,0,2.06,0,0.85,0,0.05,0,0.2,0,0,0,0,0,0,0,0.25,0,0.15,0,0.35,0,0,0,0,0,0,0.05,0,0,0,0,0.073,0.234,0,0.073,0,0,2.206,49,1026
0,1.63,0,0,0,0,1.63,0,0,1.63,0,0,0,0,0,0,0,0,1.63,0,3.27,0,0,0,0,0,0,0,0,0,0,0,0,0,0,0,0,0,0,0,0,0,0,0,0,0,0,0,0,0,0,0,0,0,1.2,2,12
0,0,1.58,0,0,0,0,0,0,1.58,0,0,0,1.58,0,0,0,0,3.17,0,1.58,0,0,0,1.58,0,3.17,0,1.58,1.58,0,0,0,0,0,1.58,0,0,0,0,0,0,0,0,1.58,0,0,0,0,0,0,0,0,0,1.4,5,35
0,0,0,0,0,0,0,0,0,0,0,0,0,0,0,0,0,0,0,0,0,0,0,0,0,0,20,0,0,0,0,0,0,0,0,0,0,0,0,0,0,0,0,0,0,0,0,0,0,0,0,0,0,0,1,1,5
0,0,0,0,0,0,0,0,0,0,0,0,0,0,0,0,0,0,0,0,0,0,0,0,0,0,4,0,0,0,0,0,0,0,0,0,0,0,0,0,0,0,0,0,0,0,0,0,0,0,0,0,0,0,1.222,2,11
0,0,0,0,0,0,0,0,0,0,0,0,0,0,0,0,0,0,0,0,0,0,0,0,0,0,0,0,0,0,0,0,0,0,0,0,0,0,0,0,0,0,0,0,0,0,0,0,0,0.862,0,0.862,0,0,1,1,3
0,0,0,0,0,0,0,0,0,0,0,4.22,0,0,0,0,0,0,0,0,1.4,0,0,0,0,2.81,0,0,0,0,0,0,0,0,0,0,0,0,0,0,0,2.81,0,0,0,0,0,0,0,0,0,0,0,0,3.153,38,82
0.46,0.33,0.2,0,0.13,0.53,0.06,0.2,0,1.13,0.33,0.66,0.93,0,0.2,0,0,0,3.6,0,1.13,0,0.13,0.26,0,0,0,0,0,0,0,0,0,0,0,0,0,0,0,0,0,0,0,0,0,0,0,0,0.012,0.038,0,0.41,0.192,0.115,4.754,268,813
0,0,0,0,0,0,0,0,0,0,0,0,0,0,0,0,0,0,0,0,0,0,0,0,7.69,0,0,0,0,0,0,0,0,0,0,7.69,0,0,0,0,0,0,0,0,0,0,0,0,0,0,0,0,0,0,1,1,7
0,0,0,0,0,0,0,0,0,0,0,0,0,0,0,0,0,0,2.63,0,0,0,0,0,2.63,0,0,0,0,0,2.63,0,0,0,0,0,0,0,0,0,0,0,0,0,0,0,0,0,0,0.248,0,0,0,0,4.166,14,50
0,0,0,0,0,0,0,0,0,0,0,0,0,0,0,0,0,0,0,0,0,0,0,0,0,0,20,0,0,0,0,0,0,0,0,0,0,0,0,0,0,0,0,0,0,0,0,0,0,0,0,0,0,0,1,1,5
0,0,0.47,0,0.95,0,0,0,0.47,0,0,0,0,0,0,0.95,0.95,0,1.42,0,0.47,0,0.95,0,0,0,0,0,0,0,0,0,0,0,0,0,0,0,0,0,0,0,0,0,0.47,0,0,0,0,0.131,0.065,0.461,0.263,0,3.493,61,255
0,0,0,0,0,0,0,0,0,0,0,0,0,0,0,0,0,0,0,0,0,0,0,0,0,4.76,0,0,0,0,0,0,0,0,0,0,0,0,0,0,0,0,0,0,0,0,0,0,0,0,0,0,0,0,1.75,4,14
0,0,0,0,0,0,0,0,0,0,0,3.03,0,0,0,0,0,0,3.03,0,0,0,0,0,0,0,0,0,0,0,0,0,0,0,0,0,0,0,0,0,0,0,0,0,0,0,0,0,0,0,0,0.473,0,0,1.687,5,27
0,0,0,0,0,0,0,0,0,0,0,0,0,0,0,0,0,0,0,0,0,0,0,0,0,0,0,0,0,0,0,0,0,0,0,0,0,0,0,0,0,0,0,0,0,0,0,0,0,0.552,0,0,0,0,1,1,4
0.34,0.25,0.25,0,0.08,0.43,0.08,0.25,0.08,1.47,0.34,0.51,0.95,0,0.17,0.08,0,0,3.03,0,0.77,0,0.34,0.34,0,0,0,0,0,0,0,0,0,0,0,0,0,0,0,0,0,0,0,0,0.17,0,0,0,0,0.049,0,0.263,0.263,0.065,3.076,62,526
0,0,0.68,0,0,0,0,1.36,0,0,0.68,0.68,0,0,0,0,0,0,3.4,0,1.36,0,0.68,0.68,0,0,0,0,0,0,0,0,0,0,0,0,0,0,0,0,0,0,0,0,0,0,0,0,0,0,0,0.238,0.238,0,2.232,19,96
0,0,0,0,0,0,0,0,0.91,0,0,0.3,0,0,0,0,0,0,0,0,0,0,0,0,0,0,0,0,0,0,0,0,0,0,0.3,0,0,0,0,0,0,0,0,0,0,0,0,0,0.109,0.254,0,0,0,0,3.606,119,357
0.43,0.4,0.37,0,0.15,0.09,0.06,0.12,0.5,0.97,0.25,0.69,0.4,1.06,0.03,0.15,0.25,0,2.57,0,1.41,1.28,0.31,0.56,0,0,0,0,0,0,0,0,0,0,0,0,0,0,0,0,0,0,0,0,0.06,0,0,0,0.031,0.122,0.01,0.345,0.42,0.266,8.016,178,3303
0,0,0,0,0,0,0,0,0,1.21,0,1.21,0,0,0,0,0,0,0,0,0,0,0,0,1.21,1.21,0,2.43,0,0,0,0,0,0,0,1.21,0,0,1.21,0,0,0,0,0,0,0,0,0,0,0.441,0,0,0,0,3.193,11,99
0,0,0,0,0.8,0,0,0,0,0,0,1.6,0,0,0,0.8,0.8,0,2.4,0,2.4,0,0,0,0,0,0,0,0,0,0,0,0,0,0,0,0,0,0,0,0,0,0,0,0.8,0,0,0,0,0.274,0,0.823,0,0,2.815,29,107
0,0,1.02,0,0,0,0,0,0,0,0,0,0,0,0,0,0,0,3.06,0,2.04,0,0,0,0,0,0,0,0,0,0,0,0,0,0,0,0,0,0,0,1.02,0,0,0,0,1.02,0,0,0,0.55,0,0,0,0,1.333,5,28
0,0,0,0,0,0,0,0,0,0,0,0,0,0,0,0,0,0,2.4,0,0,0,0,0,0,0,0,0,0,0,0,0,0,0,0,0,0,0,0,0,0,0,0,0,1.2,0,0,0,0,0,0,0,0,0,1.59,5,35
0,0,0,0,0,0,0,0,0,0,0,0,0,0,0,0,0,0,0,0,3.57,0,3.57,0,0,0,0,0,0,0,0,0,0,0,0,0,0,0,0,0,0,0,0,0,0,0,0,0,0,0,0,0.606,0.606,0,3.111,10,28
0,0,0.5,0,0.5,0,0,0,0,0.5,0,1.01,0,0,0,0,0.5,1.01,2.03,0,3.04,0,0,0,1.52,0.5,1.01,1.01,0,1.01,0,0,0,0,1.01,0,0,0,0,0,0,0,0,0,0,0,0,0,0,0.551,0,0.055,0,0,4.275,45,248
0,0,0,0,0.66,0,0,0,0,0,0,0,0,0,0,0,0,0,4.63,0,3.31,0,0,0,2.64,1.98,1.32,0.66,0.66,0.66,0.66,0.66,0,0.66,0.66,0.66,0,0,0.66,0.66,0,0,0,0,0.66,0,0,0,0,0.293,0,0,0,0,3.968,34,127
0,0,0.52,0,0,0,0,0,0,0,0,1.56,0,0,0,0.52,0,0,0.52,0,0,0,0,0,0,0,0,0,0,0,0,0,5.72,0,0,0,1.56,0,0,0,0.52,1.04,0,0,0,0.52,0,0,0,0.075,0.151,0,0,0,2.416,18,116
0,0,0.71,0,0.23,0,0,0,0.23,0.23,0.23,1.9,0,0,0,0.23,0,0,3.81,0.23,1.19,0,0,0,0,0,0,0,0,0,0,0,0,0,0,0,0,0,0,0,0,0,0,0,0,0,0,0,0,0.112,0,1.046,0.037,0,4.022,97,543
0.43,0.26,0.43,0,0.78,0.26,0,0.17,0.34,4.09,0.08,1.22,0.43,0,0.78,1.13,0.26,1.91,2.35,0,2.35,0,0.08,0.43,0,0,0,0,0,0,0,0,0,0,0,0.08,0,0,0,0.08,0,0,0,0,0,0,0,0,0.056,0.241,0.042,0.709,0.056,0,4.319,126,1123
0,0,0,0,1.85,0,0,0,0,0,0,1.85,1.85,0,0,0,0,0,1.85,0,0,0,0,0,0,0,0,0,0,0,0,0,0,0,0,0,0,0,1.85,0,0,0,0,0,0,0,0,0,0,0,0,0,0,0,1.714,4,12
0,1.12,0.56,0,0.56,0.56,1.12,1.12,0,0,0.56,2.25,0,0,0,2.25,0,1.12,2.25,0,2.82,0,0.56,0,0,0,0,0,0,0,0,0,0,0,0,0,0,0,0,0,0,0,0,0,0,0,0,0,0,0,0,0,0,0,1.416,5,51
0,0.51,0,0,1.02,0,0,0.51,0,0,0,0,0,0,0,0.51,0.51,0,0.51,0,0,0,0,0,0,0,0,0,0,0,0,0,0,0,0,0.51,0,0,0,0.51,0,0,0,0.51,0,0,0,0,0,0.071,0,0,0,0,2.076,9,108
1,0,2,0,0,0,0,0,0,0,0,1,0,0,0,0,0,0,5,0,1,0,0,0,0,0,0,0,0,0,0,0,0,0,0,0,0,0,0,0,0,0,0,0,0,0,0,0,0.17,0,0,0.17,0,0,1.692,4,22
0,14.28,0,0,0,0,0,0,0,0,0,0,0,0,0,0,0,0,0,0,0,0,0,0,0,0,0,0,0,0,0,0,0,0,0,0,0,0,0,0,0,0,0,0,0,0,0,0,0,0,0,0,0,0,1.8,5,9
0,0,0,0,0,0,0,0,0,0,0,0.44,0,0,0,0,0,0,0.88,0,0.88,0,0,0,1.32,0.88,0.88,0.88,0.44,0.44,0.44,0.44,0,0.44,0.88,0.44,0,0,0,0.44,0,0,0,0,0.44,0,0,0,0,0.207,0,0,0,0.207,2.588,40,132
0,0.78,2.34,0,0.78,0,1.56,0,0,0,0,1.56,0,0,0,0,0,0.78,7.03,0,2.34,0,0,0,0,0,0,0,0,0,0,0,0,0,0,0,0,0,0,0,0,0,0,0,0,0,0,0,0,0,0,1.363,0,0,1.348,29,147
0.17,0,0.35,0,0.53,0,0,0.35,0,0,0.17,1.78,0.17,0.17,0,0,0.53,0,0,0,0,0,0,0,3.2,0,0,0,0,0,0,0,0,0,0,0,0.17,0,0,0,0,0,0,0,0,0,0,0,0.071,0.143,0,0,0,0,2.464,80,244
0.1,0.1,0.71,0,0.61,0.3,0.4,0.1,1.42,0.81,0.1,0.5,0,0,0,0.1,0,1.11,2.23,0.5,2.03,0,0,0.3,0,0,0,0,0,0,0,0,0,0,0.1,0,0,0,0.1,0,0,0,0,0,0,0,0,0,0,0,0.264,0.975,0.396,0.033,3.186,56,1042
0.7,0,0.7,0,0,0,0,0,0,0,0,0,0,0,0,0,0,0,2.83,0,0,0,0,0,0,0,0,0,0,0,0,0,0,0,0,0,0,0,0,0,0,0,0,0,1.41,1.41,0,0,0,0,0,0.105,0,0,2.342,47,89
0,0,0,0,0,0,0,0,0,0,0,0,0,0,0,0,0,0,1.86,0,0,0,0,0,3.73,0,1.86,0,0.93,3.73,0,0,0,0,0,0,0,0.93,0,0,0,0,0,0,0,0,0,0,0,0.173,0,0,0,0,1.9,5,38
0,0,0.47,0,0.95,0.47,0,0,0,0,0,0.47,0,0,0,0,0,0,0.95,0,0,0,0,0,0,0.47,0.47,0,0,0,0,0,0,0,0,0,0,0.95,0,0,0,0.47,0,0,0,0,0,0,0,0.073,0,0,0,0,1.884,8,98
0,0,0,0,0,0,0,0,0,0,0,0,0,0,0,0,0,0,0,0,0,0,0,0,0,0,5.55,0,0,0,0,0,0,0,0,0,0,0,0,0,0,0,0,0,5.55,0,0,0,0,0,0,0,0,0,1,1,5
0,0,0.8,0,0.8,1.61,0,0,0,0,0,0.8,1.61,0,0,0,0,0,4.03,0,0,0,0,0,0,0,0,0,0,0,0,0,0,0,0,0,0,0,0,0,0,0,0,0,0,0,0,0,0,0,0,0.875,0,0,6,48,138
0,0,0.15,0,0.15,0,0,0,0,0,0,0,0,0,0,0,0,0,2.56,2.26,2.11,4.07,0.15,0,0,0,0,0,0,0,0,0,0,0,0,0,0,0,0,0,0,0,0,0,0.15,0,0,0,0,0.051,0,0.255,0.076,0.46,6.3,37,1216
0,0,0,0,0,0,0,0,0,0,0,1.25,0,0,0,0,0,0,1.25,0,0,0,0,0,0,0,0,0,1.25,0,0,0,0,0,0,0,0,0,0,0,0,0,0,0,0,0,0,0,0,0.746,0,0,0,0,1.687,4,27
0.15,0.45,1.05,0,0.45,0,0,1.81,0.6,0.75,0,0.9,0.3,0,0.3,0,0,0,4.07,0,1.51,0,0,0.3,0,0,0,0,0,0,0,0,0,0,0,0,0,0,0,0,0,0,0,0,0.15,0,0,0,0,0.25,0,1.318,0.068,0,5.301,130,774
0,0,1.88,0,0.94,0,0,0,0,0,0,0,0,0,0,0,0,0,2.83,0,0,0,0,0,0,0,0,0,0,0,0,0,0,0,0,0,0,0,0,0,0,0,0,0,0.94,0,0,0,0,0,0,0.756,0,0,1,1,22
0,0,0,0,1.21,0,0.8,0,0,0.8,0.4,0.8,0.4,0,0,1.61,0,0,1.61,0,1.21,0.8,0,0,0,0,0,0,0,0,0,0,0,0,0,0,0,0,0,0,0,0,0,0,0,0,0,0,0,0.07,0,0.21,0,0.07,4.49,24,229
0,0,0,0,0,0,0,0,0,0,0,0,0,0,0,0,0,0,1.23,0,1.23,0,0,0,0,0,0,0,0,0,0,0,0,0,0,0,0,0,0,0,0,0,0,0,0,1.23,0,0,0,0.202,0,0,0,0,1,1,14
0,0,0.76,0,0.38,0,0.76,0,0,0,0,0.38,0,0,0,0,0,0.76,1.52,0,0.76,0,0,0,0,0,0,0,0,0,0,0,0,0,0,0,0,0,0,0,0,0,0,0,0,0,0,0,0,0,0,0,0.177,0.059,3.836,79,211
0.16,0.24,1.24,0,0.41,0.58,0.49,0.33,0.66,0.66,0.24,1.24,0.16,0,0.66,0.82,0.16,1.57,2.32,0.16,1.16,0,0.91,0.16,0,0,0,0,0,0,0,0,0,0,0,0,0,0,0,0.08,0,0,0,0,0.08,0,0,0,0,0.132,0,0.25,0.224,0.026,5.872,581,1339
0,0,0,0,0,0,0,0,0,0,0,0,0,0,0,0,0,0,0,0,0,0,0,0,0,0,0,0,0,0,0,0,0,0,0,0,0,0,0,0,0,0,0,0,4.16,0,0,0,0,0,0,0.632,0,0,1,1,4
0,0,0,0,0,0,0,0,0,0,0,0,0,0,0,0,0,0,8.33,0,0,0,0,0,0,0,0,0,0,0,0,0,0,0,0,0,0,0,0,0,0,0,0,0,0,0,0,0,0,0,0,0,0,0,1,1,2
0,0,0.24,0,0,0,0,0,0,0.48,0,0.24,0,0,0,0,0.48,0.24,0.72,0.48,0.72,0,0,0,1.69,0,0,0,0,0,0,0,0,0,0,0,0,0,0,0,0,0,0,0,0,0,0,0,0,0.034,0,0,0,0,3.202,87,285
0.11,0,0.11,0,0.11,0.11,0,0,1.03,0,0,0.34,0,0,0,0,0,0,0.45,0,0.22,0,0,0,0.57,0.68,0.11,0,0,0,0,0,0.34,0,0,0,0.22,0,0,0,0,0,0,0,0,0,0,0,0.078,0.171,0.031,0,0.031,0,3.407,41,535
0,0.39,0.19,0,0.19,0.09,0,0,0,0,0,0.29,0,0,0.29,0,0,0.29,0.89,0,0.29,0,0,0,0.49,0.49,0,0,0,0,0,0,0,0,0,0,0.19,0,0,0,4.75,0,0.09,0,0.09,5.74,0,0,1.352,0.08,0,0.016,0,0,1.679,17,178
0,0,0,0,0,0,0,0,0,0,0,0,0,0,0,1.61,0,0,0,0,0,1.61,0,0,0,0,0,0,0,0,0,0,0,0,0,0,0,0,0,0,0,0,0,0,0,0,0,0,0.714,0,0,0.238,0,0,4.333,11,104
0,0,0,0,0.09,0,0,0,0,0.09,0,0,0,0,0,0,0,0,0,0,0,0,0,0,0,0,0,0,0,0,0,0,0,0,0,0,0,0,0,0,0,0,0,0,0,0,0,0,0,0.032,0,0.016,0,0,24.375,135,3315
0,0,0.57,0,0.28,0,0,0.57,0,0,0,0.28,0,0,0,0.57,1.15,0,0.86,2.31,2.02,0,0,0,0,0,0,0,0,0,0,0,0,0,0,0,0,0,0,0,0,0,0,0,0,0,0,0,0,0.047,0,1.147,0.191,0.191,11.735,489,622
0,0,0,0,0,0.37,0,0,0,0,0,0.75,0.37,0,0,0,0.37,0,0,0,0,0,0,0,2.26,0,0,0,0,0,0,0,0,0,0,0,0.37,0,0,0,0,0,0,0,0,0,0,0,0,0.387,0,0,0.331,0,2.287,14,167
0,0,0,0,0,0,0,0,0,0,0,0,0,0,0,0,0,0,0,0,0,0,0,0,0,0,1.81,0,0,0,0,0,3.63,0,0,0,0,0,0,0,0,0,0,0,1.81,0,0,0,0,0,0,0,0,0,1.181,3,13
0,0,0,0,0,0,0,0,0,0,0,0,0,0,0,0,0,0,9.09,0,0,0,0,0,0,0,0,0,0,0,0,0,0,0,0,0,0,0,0,0,0,0,0,0,0,0,0,0,0,0,0,0,0,0,1,1,2
0,0,1.47,0,0,1.1,0.36,0,0,0,0.36,0.36,0,0,0,0.36,0,0,2.21,1.1,2.95,0,1.47,0,0,0,0,0,0,0,0,0,0,0,0,0,0,0,0,0,0,0,0,0,0,0,0,0,0,0.118,0,0.414,0.888,0.177,3,33,177
0,0,0,0,0,0,0.86,0,0,0,0,0,0,0,0,0.86,0,1.73,3.47,0,1.73,0,0,0,0,0,0,0,0,0,0,0,0,0,0,0,0,0,0,0,0,0,0,0,0,0,0,0,0,0.152,0,0.457,0,0,2.75,10,55
0,0,1.31,0,2.63,0,0,0.65,0,0,0,0.65,0,0,0,1.97,0,0,1.31,0,2.63,0,0,0.65,0,0,0,0,0,0,0,0,0,0,0,0,0,0,0,0,0,0,0,0,0.65,0,0,0,0,0.198,0,0.198,0.099,0,2.195,12,101
0.08,0,0.16,0,0,0,0,0,0.82,0,0,0.24,0,0,0,0.08,0,0,0.32,0,0.16,0,0,0,0.49,0.57,0.08,0,0,0,0,0,0.74,0,0,0,0.16,0,0,0,0,0,0,0,0.08,0,0,0,0.221,0.188,0.044,0,0.033,0,2.816,32,628
0.47,0,1.19,0,0.23,0.23,0,0,0,0.47,0,1.43,0,0,0,0.71,1.43,0,5.26,0,2.63,0,0.71,0.23,0,0,0,0,0,0,0,0,0,0,0,0,0,0,0.23,0,0,0,0,0,0,0,0,0,0,0.178,0,0.402,0.402,0.089,5.681,49,392
0,0,1.94,0,0,0,0,0,0,0.97,0,0.97,0,0,0,0,0,0,1.94,0,0,0,0,0,0.97,0.97,0,1.94,0,0.97,0,0,0,0,1.94,0,0,0,0,0,0,0.97,0,0,0,0,0,0,0,0.379,0,0,0,0,8.125,75,195
0,0,0,0,0,0,0,0,0,0,0,0,0,0,0,0,0,0,0,0,0,0,0,0,0,0,20,0,0,0,0,0,0,0,0,0,0,0,0,0,0,0,0,0,0,0,0,0,0,0,0,0,0,0,1,1,5
0,0,0,0,0,0,0,0,0,0,0,0,0,0,0,0,0,0,0,0,0,0,0,0,9.52,4.76,4.76,4.76,4.76,4.76,4.76,4.76,0,4.76,4.76,4.76,0,0,0,4.76,0,0,0,0,0,0,0,0,0,1.257,0,0,0,0,3.333,11,30
0.25,0,0.25,0,0,0,0.25,0,0.77,1.55,0,0.51,0,0,0,0.25,0,0,1.55,0,0.51,0,0,0,0,0,0,0,0,0,0,0,0,0,0,0,1.29,0,0,0,0,0,0,0,0,0,0,0,0,0.404,0,0.161,0.161,0.04,9.633,110,578
0.05,0.3,0.4,0,0.1,0.05,0,0.05,0.1,0,0,0.3,0.2,0,0.05,0,0,0.5,1.55,0.3,0.75,0,0.15,0.2,0.05,0.05,0,0,0,0,0,0,0,0,0,0,0,0,0,0,0,0,0,0.05,0.05,0,0,0,0,0.045,0,0.054,0.118,0,2.37,96,588
0.59,0.09,0.09,0,0.29,0.09,0,0.59,0.59,2.09,0.29,0.09,0.29,0,0.39,0.09,0.79,0.39,3.19,0.09,1.69,0,1.39,0.99,0,0,0,0,0,0,0,0,0,0,0,0.09,0,0,0.09,0,0,0,0,0,0.19,0,0,0,0.044,0.078,0,0.334,0.133,0.011,15.493,1171,2541
0,0,1.31,0,0,0,0,0,0,0,0,1.31,0,0,0,0,0,0,1.31,0,5.26,0,0,1.31,0,0,0,0,0,0,0,0,0,0,0,0,0,0,0,0,0,0,0,0,0,0,0,0,0,0,0,0,0.199,0,4.818,25,53
0,0.69,0.69,0,0.51,0,0.17,0.17,0,0,0,0.34,0.69,0.69,0.69,0,0,0,2.59,0.51,1.55,0,0,0.17,0,0,0,0,0,0,0,0,0.34,0,0,0,0,0,0,0,0,0,0,0,0,0,0,0,0,0,0,0.079,0.106,0.053,2,32,260
0.1,0,0.03,0,0.1,0.03,0,0,0,0.1,0.1,0.43,0,0,0,0.37,0.1,0,0.43,0,0.4,0,0,0,0,0,0,0,0,0,0,0,0.2,0,0,0.13,0.06,0,0,0,0,0.06,0,0.03,0,0,0,0.2,0.014,0.078,0,0.034,0.019,0.019,4.93,113,3550
0,0,0,0,1.75,0,0,0,0,0,0,5.26,0,0,0,0,0,0,0,0,0,0,0,0,0,0,0,0,1.75,0,0,0,0,0,0,0,0,0,0,0,0,1.75,0,0,0,0,0,0,0,0,0,0.955,0,0,1.5,5,24
0,0,0,0,0,0,0,0,0,0,0,0.54,0,0.54,0,0,0,0,0,0,0.54,0,0,0,2.71,1.63,0.54,0.54,0.54,0.54,0.54,0.54,0,0.54,0.54,0.54,0,0,0,0.54,0,0,0,0.54,0.54,0,0,0,0,0.531,0,0,0,0,4.114,35,251
0.71,0,0,0,5,0,0,0,0,0,0,0,0,0,0,2.85,0,0,2.14,0,0,0,0,0.71,0,0,0,0,0,0,0,0,0,0,0,0,0,0,0,0,0,0,0,0,0,0,0,0,0,0,0,1.417,0,0,3.029,12,103
0,0,0,0,0,0,0,0,0,0,0,0,0,0,0,0,0,0,0,0,0,0,2.53,0,0,0,0,0,0,0,0,0,0,0,0,0,0,0,0,0,0,0,0,0,1.26,0,0,0,0,0.215,0,0.215,0.431,0,4,25,76
0,0,0.19,0,0,0,0,0,0,0,0,0.79,0,0,0,0.39,0,0,0.99,0,0,0,0,0,0,0,0,0,0,0,0,0,0,0,0,0,0,0,0,0,0.19,0,0,0,0.19,1.19,0,0,0,0,0,0.029,0,0,1.131,11,155
0,0,0,0,1.65,0,0,0,0.82,0,0,1.65,0,0,0,0.82,0,0,1.65,0,0.82,0,0,0,0,0,0,0,0,0,0,0,0,0,0,0,0,0,0,0,0,0,0,0,0,0,0,0,0,0.415,0,0,0,0,1.769,11,69
0,0,0,0,1.56,0,0,0,0,0,0,0,0,0,0,0,0,0,3.12,0,0,0,0,0,3.12,1.56,1.56,1.56,1.56,1.56,1.56,1.56,0,1.56,1.56,1.56,0,0,0,1.56,0,0,0,1.56,0,0,0,0,0,0.53,0,0,0,0,2.533,11,38
0,0,0,0,0,0,0,0,0,0,0,0,0,0,0,0,0,0,5.55,0,2.77,0,0,0,0,0,0,0,0,0,0,0,0,0,0,0,0,0,0,0,0,0,0,0,0,0,0,0,0,0,0,0,0,0,3.25,10,13
0.25,0,0.51,0,0,0.25,0,0,0,0.12,0,0,0.25,0,0,0.25,0.25,0.38,1.78,0,0.51,0,0,0,0,0,0,0,0,0,0,0,0,0,0,0,0,0,0,0,0,0,0,0,0.38,4.34,0,0,0.019,0.019,0,0,0.038,0,1.642,17,207
0,0,0,0,0,0,0,0,0,0,0,0,0,0,0,0,0,0,0.53,0,0,0,0,0,0,0,0,0,0,0,0,0,0,0,0,0,1.06,0,0,0,0,0,0,0,1.06,2.65,0,0,0,0.322,0,0,0,0.129,2.6,18,182
0,0,0,0,0,0,0,0,0,0,0,1.35,0,0,0,0,0,0,2.7,0,1.35,0,0,0,0,1.35,0,0,0,0,0,0,0,0,0,0,0,0,0,0,0,0,1.35,0,0,0,0,0,0,0,0,0,0,0,1.88,5,47
0,0.62,1.24,0,0.31,0,0,0,0,0,0,0.62,0,0,0,0.31,0,1.24,2.49,0,1.24,0,0,0,0,0,0,0,0,0,0,0,0,0,0,0,0,0,0,0,0,0,0,0,0.31,0,0,0,0,0.05,0,1.152,0,0,4.592,121,349
0,0,0,0,0,0,0,0,0,1.05,0,1.05,0,0,0,1.05,0,0,1.05,0,0,0,0,0,0,1.05,3.15,0,0,0,0,0,0,0,0,0,1.05,0,1.05,0,0,0,1.05,2.1,1.05,0,0,0,0,0.677,0,0.338,0,0,1.468,12,47
0,1.16,0,0,0,0,0,1.16,0,1.16,0,0,0,0,0,0,0,0,0,0,1.16,0,0,0,0,0,0,0,0,0,0,0,0,0,0,0,0,0,0,0,0,0,0,0,1.16,0,0,0,0,0,0,0,0,0,1.25,3,20
0,0,0,0,0,0,0,0,0,0,0,0,0,0,0,0,0,0,3.7,0,0,0,0,0,0,0,0,0,0,0,0,0,0,0,0,0,0,0,0,0,0,0,0,0,0,0,0,0,0,0,0,3.448,0,0,2.666,11,24
0,0,0,0,0,0,0,0,0,0,0,0,0,0,0,0,0,0,4.34,0,0,0,0,0,0,0,0,0,0,0,0,0,0,0,0,0,0,0,0,0,0,0,0,0,0,0,0,0,0,0,0,0.787,0,0,1.875,7,15
0.09,0.49,0.59,0,0.39,0.19,0,0,0.09,0.39,0,1.58,0.19,0,0,0,0.09,0,3.75,0,1.08,0,0,0.19,0,0,0,0,0,0,0,0,0,0,0,0,0,0,0,0,0,0,0,0,0,0,0,0,0.778,0.037,0,5.213,0.979,0,5.781,54,740
0,0,0,0,0,0,0,0,0,0,0,0,0,0,0,0,0,0.89,0.89,0,0,0,0,0,0,0,0,0,0,0,0,0,0,0,0,0,0,0,0,0,0,0,0,0,0,0.89,0,0,0,0,0,0,0,0,1.266,3,19
0,0.11,0.35,0,1.18,0.47,0.23,0.35,0,0.11,0.11,0.95,0,0.11,0,2.13,0.95,0.23,1.9,0.35,0.35,0,0.59,0.11,0,0,0,0,0,0,0,0,0,0,0,0.35,0,0,0,0.11,0,0,0,0,0,0,0,0,0,0.057,0,0.42,0.191,0.21,8.026,283,1509
0,0,2.32,0,0,0,0,0,0,0,0,0,0,0,0,0,0,0,0,0,0,0,0,0,0,0,0,0,0,0,0,0,0,0,0,0,0,0,0,0,0,0,0,0,0,0,0,0,0,0.854,0,0,0,0,1.823,8,31
0,0,0.59,0,0.59,0,0,0,0,0,0,2.38,0,0,0,0,0,1.19,0.59,0,0,0,0,0,1.78,1.19,0,0.59,0,0.59,0.59,0,0,0,0.59,0.59,0,0,1.19,0,0,0,0,0,0,0,0,0,0,0.177,0,0.088,0,0,1.8,10,81
0,0,0,0,0,0.74,0,0,0,0,0,0.74,1.49,0,0,0,0,0,1.49,0,1.49,0,0,0,0,0,0,0,0,0,0,0,0,0,0,0,0,0,0,0,0,0,0,0,0.74,0,0,0,0,0,0,0,0,0,1.36,3,34
0,0,0,0,0.68,0,0,0,0,1.81,0,0.68,0,0,0,0.22,0,0,3.4,0,1.81,0,0,0,0,0,0,0,0,0,0,0,0,0,0,0,0,0,0,0,0,0.45,0,0,0.22,0,0,0,0.159,0.558,0.159,0.199,0,0,6.091,83,530
0,0,0,0,0,0,0,0,0,0,0,0,1.47,0,0,0,0,0,2.94,0,2.94,0,0,0,0,0,0,0,0,0,0,0,0,0,0,0,0,0,0,0,0,0,0,0,0,1.47,0,0,0,0,0,0,0,0,4.312,47,69
0,0,0,0,0,0,0,0,0,0,0,0,0,0,0,0,0,0,4.76,0,0,0,0,0,0,0,0,0,0,0,0,0,0,0,0,0,0,0,0,0,0,0,0,0,0,0,0,0,0,0,0,0,0,0,1,1,5
0,0,0,0,0,0,0,0,0,0,0,4.08,0,0,0,0,0,0,0,0,0,0,0,0,0,0,0,0,0,0,0,0,4.08,0,0,0,0,0,0,0,0,0,0,0,0,0,0,0,0,0,0,0.333,0,0,1.666,4,25
0,0,2.5,0,0,0,0,0,0,0,0,2.5,0,0,0,0,0,0,0,0,0,0,0,0,0,0,0,0,0,0,0,0,2.5,0,0,0,0,0,0,0,0,5,0,0,0,0,0,0,0,0,0,0,0,0,1,1,15
0,0,0,0,0,0,0,0,0,0,0,0,0,0,0,0,0,0,6.45,0,0,0,0,0,0,0,0,0,0,0,0,0,0,0,0,0,0,0,0,0,0,0,0,0,3.22,0,0,0,0,0,0,0,0,0,1.5,4,18
0,0,0.49,0,0.49,0.49,0,0,0,0.49,0,2.94,0,0,0,0,0,0,0.98,0,0,0,0,0,1.47,0.98,0,0.98,0.49,0,0,0,0.49,0,0,0.49,0,0,0,0,0,0,0,0,0,0,0,0,0,0.166,0,0,0,0,2.234,11,105
0,0,0,0,0,0,0,0,0,0,0,1.66,0,0,0,0,0,0,3.33,0,1.66,0,0,1.66,1.66,0,1.66,0,0,0,0,0,0,0,0,0,1.66,0,0,0,0,0,0,0,0,0,0,0,0,0.29,0,0,0,0.29,1.722,7,31
0.62,0,0.62,0,0,0,0.62,0,0,0,0,3.1,0,0,0,0,1.24,1.24,5.59,0,1.86,0,0,0.62,0,0,0,0,0,0,0,0,0,0,0,0,0,0,0,0,0,0,0,0,0,0,0,0,0,0.31,0,0.517,0,0,3.363,22,111
0,0.47,0.47,0,1.41,0,0.47,0,0,0.47,0.47,0.94,0,0,0,0.94,0,0,1.88,0,0.94,0,0,0,0,0,0,0,0,0,0,0,0,0,0,0,0,0,0,0,0,0,0,0,0,0,0,0,0,0,0,0.218,0,0,1.102,6,54
0,0,0,0,0,0,0,1.78,0,0,0,0,0,1.78,0,0,0,0,0,0,0,0,0,0,0,0,0,0,0,0,0,0,0,0,0,0,0,0,0,0,0,0,3.57,0,0,0,0,0,0,0,0,0,0,0,1.444,5,13
0,0,0.28,0,0.28,0,0,0,0,0,0,0.85,0,0,0,0,0,0,0.28,0,0,0,0,0,1.7,0,0,0.56,0,0,0,0,0,0,0.56,2.55,0.28,0,0.28,0,0,0,0,0.28,0,0,0,0,0.223,0.074,0,0,0,0,1.958,55,190
0,0,0,0,0,0,0,0,0,1.36,0,0,0,0,0,0,0,0,0,0,0,0,0,0,1.36,1.36,0,2.73,0,0,0,0,0,0,0,1.36,0,0,1.36,0,0,0,0,0,0,0,0,0,0,0.475,0,0,0,0,3.478,11,80
0.2,0.1,0.7,0,1.1,0.2,0,0.3,0,1.2,0.3,1.1,0.1,0,0.1,0.4,0.2,0.1,2.61,0,2.51,0,0,0,0,0,0,0.1,0,0,0,0,0,0,0,0,0,0,0,0.1,0,0,0,0,0,0,0,0,0.017,0.159,0,0.53,0.406,0.123,9.781,84,851
0,14.28,0,0,0,0,0,0,0,0,0,0,0,0,0,0,0,0,0,0,0,0,0,0,0,0,0,0,0,0,0,0,0,0,0,0,0,0,0,0,0,0,0,0,0,0,0,0,0,0,0,0,0,0,1.8,5,9
0,0,0,0,0,0,2.94,1.47,1.47,1.47,1.47,0,0,0,0,0,1.47,0,0,1.47,4.41,0,0,0,0,0,0,0,0,0,0,0,0,0,0,0,1.47,0,0,0,0,0,0,0,0,0,0,0,0,0.142,0,0.427,0.142,0,92.333,274,277
0,0,1.07,0,3.22,0,0,0,0,0,0,0,0,1.07,0,1.07,0,0,2.15,0,2.15,0,1.07,1.07,0,0,0,0,0,0,0,0,0,0,0,0,0,0,1.07,0,0,0,0,0,0,0,0,0,0,0,0,2.395,0.598,0.998,82.25,295,329
0,0,0.57,0,0,0,0,0,0,0,0,0,0,0,0,0,0,0,0.28,0,0,0,0,0,0.28,0.28,0,0,0,0,0,0,0,0,0,0,0,0,0,0,0.28,0,0,0.28,0.28,0.28,0,0.28,0,0.043,0,0,0,0,1.641,8,110
0,0,0.29,0,0.87,0,0.29,0,0.87,0,0,1.45,0,0,0,0,0,0.29,5.24,0,1.45,0,0,0.29,0,0,0,0,0,0,0,0,0,0,0,0,0,0,0,0,0,0,0,0,0,0,0,0,0,0.042,0,0,0.085,0,5.145,33,247
0.95,0,0,0,0,0,0,0,0,0,0,0,0,0,0,0,0,0,1.9,0,0.95,0,0,0,0,0,0,0,0,0,0,0,0,0,0,0,0,0,0,0,0,0,0,0,0.95,0.95,0,0,0,0.144,0,5.78,0,0,2.13,15,49
0,0,0,0,0.52,0,0,0,0,0,0,0,0,0,0,0,0,0.52,0,0,0.52,0,0,0,0.52,0.52,0.52,1.05,0,0.52,0,0,0,0,0,0,0,0,0,0,0,0.52,0,0,0,0,0,0,0,0.166,0,0,0,0,3.888,55,140
0,0,0,0,0,0,0,0,0,0,0,5,0,0,0,0,0,0,0,0,0,0,0,0,0,0,5,0,0,0,0,0,0,0,0,0,0,0,0,0,0,0,0,5,0,0,0,0,0,0.684,0,0,0,0,1,1,8
0,0,0,0,0,0,0,0,0,0,0,0,0,0,0,0,0,0,0,0,0,0,0,0,0,0,0,3.7,7.4,0,0,0,0,0,0,0,0,0,0,0,0,7.4,0,0,0,0,0,0,0,0,0,0,0,1.503,3.875,16,31
0,0,0,0,0.26,0,0.26,0,0,0,0,0,0,0,0,0.26,0,0,0,0,0.52,17.1,0,0,0,0,0,0,0,0,0,0,0,0,0,0,0,0,0,0,0,0,0,0.26,0,0,0,0,0.451,0.082,0.082,0.369,0,1.026,13.82,104,1078
0,0.26,0.26,0,0.39,0,0.13,0,0,0.26,0,0.26,0.26,0,0.13,0.26,0,0.13,3.14,0.26,1.44,7.33,0.13,0.26,0,0,0,0,0,0,0,0,0,0,0,0,0,0,0,0,0,0,0,0,0.13,0,0,0,0,0,0,0.022,0.022,0.889,12.454,107,1096
0.13,0.4,0,0,0,0,0,0,0,0.53,0,0,0,0,0,0,0.13,0,0.8,0,0.53,0,0,0,0,0,0,0,0,0,0,0,0,0.13,0,0,1.2,0,0,0,0,0,0,0,0,0.53,0,0.13,0,0.25,0,0.014,0.427,0.044,5.473,143,1538
0,0,0.26,0,0.53,0,0,0,0,0,0,0.26,0,0,0,0,0.26,0,0,0,0,0,0,0,1.61,0.8,0,0,0.53,0.8,0,0,0,0,0,0.8,0.26,0,0,0,0,0,0,0,0.26,0,0,0,0.128,0.042,0,0,0,0,1.635,6,139
0,0,0,0,0,0,0,0,0,0,0,0,2.56,0,0,0,0,0,2.56,0,0,0,0,0,0,0,0,0,0,0,0,0,0,0,0,0,0,0,2.56,0,0,0,0,0,2.56,0,0,0,0,0,0,0.473,0,0,2.454,15,27
0,0,0,0,0,0.23,0.23,0.23,0,0,0,0.46,0,0.46,0,0,0,0,0.23,0,0,0,0.23,0,0,0,0,0,0,0,0,0,0.23,0,0,0,0.23,0,0,0,0,0,0,0,0,0,0,0,0.073,0,0,0,0,0,3.184,74,207
0,0,0,0,0,0,0,0,0,0.72,0,0,0,0,0,0,0,0,0,0,0,0,0,0,0,0,0.72,0,0.72,0,0,0,0,0,0,0,0,0,0,0,0,0,0,0,0,0,0,0,0,0.497,0.124,0,0,0.124,3.904,28,164
0,0,0,0,0,0,0,0,0,0,0,3.57,0,0,0,0,0,1.78,1.78,0,0,0,0,0,1.78,0,0,1.78,0,0,0,0,1.78,0,1.78,0,1.78,0,0,0,0,0,0,0,0,0,0,0,0,0.319,0,0,0,0,2.391,10,55
0,0,0,0,0,0,0,0,0,0,0,0,0,0,0,0,0,0,0,0,0,0,0,0,0,0,16.66,0,0,0,0,0,0,0,0,0,0,0,0,0,0,0,0,0,0,0,0,0,0,0,0,0,0,0,1,1,5
0,0,0,0,1.2,0,1.2,1.2,1.2,1.2,1.2,1.2,0,0,0,0,4.81,0,2.4,1.2,3.61,0,0,0,0,0,0,0,0,0,0,0,0,0,0,0,0,0,0,0,0,0,0,0,0,0,0,0,0,0,0,0.331,0,0,50.166,295,301
0,0,1.21,0,0,0,0,0,0,0,0,0,0,0,0,0,0,0,0,0,0,0,0,0,0,0,0,0,0,0,0,0,0,0,0,0,0,0,0,0,0,0,0,0,1.21,0,0,0,0.212,0.212,0,0,0.212,0,3.272,24,72
0.82,0,0,0,0.41,0,0.82,0,0,0,0,0.82,0,0,0,0,0.41,0,2.46,0,1.23,0,0.41,0,0,0,0,0,0,0,0,0,0,0,0,0,0,0,0,0,0,0,0,0,0,0,0,0.41,0,0.171,0,0.513,0.114,0,2.953,44,189
0,0,0,0,0,0,0,0,0,0,0,0,0,0,0,0,0,0,0,0,0,0,0,0,0,0,20,0,0,0,0,0,0,0,0,0,0,0,0,0,0,0,0,0,0,0,0,0,0,0,0,0,0,0,1,1,5
0,0,0,0,0,0,0,0,0,0,0,0,0,0,0,0,0,0,0,0,0,0,0,0,0,0,1.36,0,0,0,0,0,3.4,0,0,0,0,0,0,0,0,0,0,0,0,0,0,0,0,0,0,0,0,0,1.526,7,87
0,0,0.23,0,0.23,0,0,0,0.23,0,0,0,0,1.43,0,0,0.23,0,0.23,0,2.14,0,0,0,0.23,0,0,0,0,0,0,0,0,0,0,0,0.23,0,0,0,0,1.9,0,0,0,0,0,0,0.117,0.235,0,0.117,0,0.164,2.616,160,683
0,0,1.46,0,0,0,0,0,0,0,0,0,0,0,0,0,0,0,0,0,0,0,0,0,3.41,0.97,0.48,0.48,0,0,0,0,0,0,0.48,0,0.48,0,0,0,0,0,0.48,0,0.97,0,0,0,0.471,0.55,0,0.078,0,0,2.552,16,171
0.43,0,0,0,0.87,0.87,0,0,0,0.43,0,2.18,0,0,0,0,1.74,0,0.87,0,0.87,0,0,0.43,0,0,0,0,0,0,0,0,0,0,0,0.43,0,0,0,0,0,0,0,0,0,0,0,0,0,0,0,0.835,0,0,5.114,107,179
0.48,0.2,0.55,0,0.27,0.2,0,0.27,0.27,0.97,0.41,0.97,0.13,0,0,1.11,0.69,0.06,2.23,0,0.97,0,0.06,0.69,0,0,0,0,0,0,0,0,0,0,0,0,0,0,0,0.06,0,0,0,0,0.13,0,0,0,0,0.105,0,0.75,0.305,0,3.401,94,966
0.04,0.14,0.29,0,0.04,0.04,0,0.09,0,0.19,0.09,1.04,0,0,0,0,0,0.24,0.09,0,0.04,0,0,0,0.04,0,0,0,0,0.09,0,0,0,0,0,0.09,0.24,0,0,0,0,0,0.04,0,0,0,0,0,0.02,0.16,0.006,0,0,0,2.667,185,1763
0,0.66,0.66,0,1.33,0.33,0.33,0,0.33,0,0.33,0.33,0,0,0,0.33,0.66,1,1,1,2,0,0,0,0,0,0,0,0,0,0,0,0,0,0,0,0,0,0,0,0,0,0,0,0.66,0,0,0,0,0.266,0,0.372,0.159,0,1.894,14,161
0,0,0,0,0,0,0,0,0,0.8,0,0,0,0,0,1.61,0,0,0.8,0,0.8,0,0,0,0.8,0,0,0,0,0,0.8,0,0.8,0,0,0,0,0,0,0,0,0,0,0,0,0,0,0,0,0.089,0,0,0,0,2.405,28,89
0,0,0,0,0,0,0,0,0,0,0,0,0,0,0,0,0,0,0.72,0,0,0,0,0,0.72,0.72,0,2.17,0,0,0,0,0,0,1.44,0,0,0,0,0,0,0,0,0.72,0,0,0.72,0,0,0.204,0,0.306,0.102,0,2.538,22,99
0.1,0.1,0.7,0,0.6,0.2,0.4,0.1,1.41,0.8,0.1,0.5,0,0,0,0.1,0,1.11,2.22,0.4,1.92,0,0,0.3,0,0,0,0,0,0,0,0,0,0,0.1,0,0,0,0.1,0,0,0,0,0,0,0,0,0,0,0,0.26,0.991,0.39,0.032,3.173,56,1044
0,0,0,0,0.47,0,0,0,0,0,0,0.47,0,0,0,0,1.9,0,0,0,0,0,0,0,1.9,0.95,0,0,0,1.42,0,0,0,0,0,0.47,0,0,0,0,0,0,0,0,0,0,0,0,0,0.217,0,0,0,0,1.677,5,99
0,0,0,0,0,0,0,0,0,0,0,0,0,0,0,4.76,0,0,1.58,0,0,0,0,0,0,0,0,0,0,0,0,0,0,0,0,0,0,0,0,0,0,0,0,0,0,0,0,0,0,0,0,2.412,0,0.268,20,137,180
0,0,0,0,0,0,0,0,0,0,0,3.84,0,0,0,0,0,0,0,0,0,0,0,0,0,0,0,0,0,0,0,0,0,0,0,0,0,0,0,0,0,0,0,0,0,0,0,0,0,0.709,0,0.709,0,0,2.3,9,23
0,0,0.09,0,0.09,0,0,0.55,0,0.09,0,0.73,0.09,0,0,0,0.55,0,0.09,0,0,0,0.36,0.09,3.48,0,0,0,0,0,0.09,0,0,0,0,0.09,0.09,0,0,0,0,0,0,0.55,0,0,0,0,0.012,0.1,0,0,0.1,0,2.188,22,510
0,0,0,0,0,0,0,0,0,0,0,0,0,2.06,0,0,0,0,0,0,0,0,0,0,0,0,0,0,0,0,0,0,0,0,0,1.03,0,0,0,0,0,0,0,0,1.03,0,0,0,0,0.17,0,0.17,0.341,0,3.809,24,80
0,0,2.35,0,0,0,0,0,0,0,0,0,0,0,0,0,0,0,7.05,0,1.17,0,0,0,0,0,0,0,0,0,0,0,0,0,0,0,0,0,1.17,0,1.17,0,0,0,1.17,1.17,0,0,0,0,0,0,0,0,3,15,45
0.5,0.46,0.34,0,0.15,0.03,0,0.19,0.57,0.65,0.3,0.73,0.65,1.27,0.03,0.23,0.42,0,3.08,0,1.34,0,0.5,0.5,0,0,0,0,0,0,0,0,0,0,0,0,0,0,0,0,0,0,0,0,0.03,0,0,0,0.011,0.077,0,0.335,1.281,0.125,7.202,595,2413
0,14.28,0,0,0,0,0,0,0,0,0,0,0,0,0,0,0,0,0,0,0,0,0,0,0,0,0,0,0,0,0,0,0,0,0,0,0,0,0,0,0,0,0,0,0,0,0,0,0,0,0,0,0,0,1.8,5,9
0,3.27,0,0,1.63,0,0,0,0,0,0,0,0,0,0,0,0,0,0,0,3.27,0,0,0,0,0,1.63,0,0,0,0,1.63,0,1.63,0,0,0,0,0,0,0,0,0,0,0,0,0,0,0,0.527,0,0.263,0,0,2.12,22,53
0,0,0,0,0,0,0,0,0,0.86,0,1.72,0.86,0,0,0,0,0,2.58,0,0.86,0,0,0,0,0,0,0,0,0,0,0,0,0,0,0,0,0,0,0,0,0,0,0,0,0.86,0,0,0,0.321,0,0.214,0,0,3.956,51,91
0,0,0,0,0,0,0,0,0,0,0,0,0,0,0,0,0,0,0.43,0,0.86,0,0,0,6.03,3.44,0.86,0.43,0.43,0.43,0.43,0.43,0,0.43,0.43,0.43,0.86,0,0.43,0.43,0,0,0.43,0,0.43,0,0,0,0,0.13,0.065,0.065,0,1.043,2.983,40,179
0,0,0.85,0,0.85,0.21,0.21,0,0,1.5,0,0,0,0,1.07,0,0.21,0,0.64,0.21,1.71,7.08,1.28,0,0,0,0,0,0,0,0,0,0,0,0,0,0,0,0,0,0,0,0,0,0,0,0,0,0,0,0,0.465,0.271,0.969,9.052,58,869
0.09,0,0.54,0,0,0.09,0,0,0.09,0,0,0.09,0.09,0,0,0.09,0,0,0.09,0,0.09,0,0,0,0,0,0,0,0,0,0,0,0,0,0,0,0,0,0,0,0,0,0,0,0,0.09,0,0,0,0.017,0,0.034,0,0,1.429,47,306
0,0,0.5,0,0,0.5,0,0,0,0,0,0,1,0,0,0,0,0,2,0,0,0,0,0,0,0,0,0,0,0,0,0,0,0,0,0,0,0,0,0,0,0,0,0,1,0.5,0,0,0,0,0,0,0,0,2.527,47,91
0,0,0,0,0,0,0,0,0,0,0,1.58,0,0,0,0,0,0,0,0,0,0,0,0,0,0,0,0,0,0,0,0,1.58,0,0,0,1.58,0,0,0,0,0,0,0,0,0,0,0,0,1.182,0,0,0,0,2.057,13,72
0,0,0,0,0,0.17,0,0,0,0,0,0.52,0.17,0,0,0,0.69,0,0,0,0.17,0,0,0,1.04,0,0,0,0.34,0.34,0,0,0,0,0,1.04,0,0,0,0.17,0,0,0,0.52,0,0,0,0,0,0.055,0,0,0,0,1.685,7,204
0,0,0,0,0,0.57,0,0,0,0,0,1.73,0,0,0,0,1.15,0,0.57,0,0,0,0,0,2.31,0,0,0,0.57,1.73,0,0,0,0,0,0.57,0,0,0,0,0,0,0,0,0.57,0,0,0,0,0.086,0,0,0,0,1.5,5,72
0,0,0,0,0,0,0,0,0,0,0,0,0,0,0,1.66,0,0,3.33,0,1.66,0,0,0,0,0,0,0,0,0,0,0,0,0,0,0,0,0,0,0,0,0,0,0,0,0,0,0,0,0,0,0.653,0,0,8,38,80
0.27,0.27,0,0,0.83,0,0,0,0,0,0,0.27,0.27,0,0,0,0,0,1.1,0,0.27,0,0,0,1.93,0.27,0,0,0,0,0,0,0,0,0,0,0,0,0,0,0,0.27,0,0,0,0,0,0,0,0,0,0,0.084,0,1.231,6,101
0.67,0,0.22,0,0.45,0,0,0,0,0.22,0.45,1.12,0.22,0.22,0,0,0,0,1.12,0,1.35,0,0,0,2.03,0,0,0.45,0,0,0.22,0,0,0,0.45,0,0.22,0,0,0,0,0,0,0,0,0,0,0,0,0.072,0,0.072,0.072,0.036,3.242,38,347
0,0,0.72,0,1.81,0,0,0,0,0.36,0,0.36,0,0,0,0,0.72,0,0.72,0,0.36,0,0,0,0,0,0,0,0,0,0,0,0.36,0,0,0,0,0,0,0,0,0,0,0,0,0,0,0,0.053,0.265,0,0,0,0,1.543,13,88
0,0,0,0,0,0,0,0,0,0,0,3.72,0,0,0,0,0,0,3.1,0,0,0,0,0,0.62,0,0,0,1.24,0,0,0,0,0,0,0,0,0,0,0,0,1.24,0,0,0,0,0,0,0,0.11,0,0,0,0,1.47,8,50
0,0,0,0,0,0,0,0.42,0,0.42,0.42,0,0,0,0,0,0,0,2.52,0,2.94,0,0,0.42,0,0,0,0,0,0,0,0,0,0,0,0,0,0,0,0,0,0,0,0,0.84,0,0,0,0,0.129,0,0.129,0.194,0,1.859,20,119
0,0,0,0,0,0,0,0,0,0,0,0,0,0,0,0,0,0,0,0,0,0,0,0,0,0,0,0,0,0,0,0,0,0,0,0,0,0,0,0,0,0,0,0,0,0,0,0,0,0,0,0,0,0,1,1,3
0,0,1.31,0,0,0,0,0,0,0,0,1.31,0,0,0,0,0,0,1.31,0,5.26,0,0,1.31,0,0,0,0,0,0,0,0,0,0,0,0,0,0,0,0,0,0,0,0,0,0,0,0,0,0,0,0,0.212,0,4.818,25,53
0,0,1.28,0,0,0,0,0,0,0,0,1.28,0,0,0,0,0,0,2.56,0,0,0,0,0,2.56,1.28,0,0,0,0,0,0,2.56,0,0,0,1.28,0,0,0,0,3.84,0,0,0,0,0,0,0,0.148,0.148,0,0,0,2.034,13,59
0,0.08,0.08,0,0,0.08,0,0.16,0,0,0,0.81,0.16,0,0,0,0.08,0,0,0,0,0,0.08,0,3.49,0.48,0,0,0.32,0.24,0,0,0,0,0,0.32,0.08,0,0,0,0,0.08,0,0,0,0,0,0.08,0.022,0.111,0,0,0.055,0,2.145,21,693
0,0,1.61,0,0,0,1.61,0,0,0,0,0,0,0,0,1.61,0,0,0,0,0,0,0,0,0,0,0,0,0,0,0,0,0,0,0,0,0,0,0,0,0,0,0,0,1.61,0,0,0,0,0.268,0,0.804,0,0,2.466,17,37
0,0,0,0,0,0,0,0,0,0,0,0,0,0,0,0,0,0,2.17,0,2.17,0,0,0,0,0,0,0,0,0,0,0,0,0,0,0,0,0,0,0,0,0,0,0,2.17,2.17,0,0,0,0.743,0,0.371,0,0.371,1.714,11,24
0,1.62,0.54,0,0,0,0,0,0,0.54,0,1.62,0,0,0,0,0,0,1.62,0,0,0,0,0,0,0,0,0,0,0,0,0,0,0,0,0,0,0,0,0,0,0,0,0,0,1.08,0,0,0,0.484,0,0,0,0,1.769,27,69
0.62,0,0.62,0,1.25,0,0.62,0,0,0,0,0.62,0,0,0,0.62,0.62,0,1.25,0,2.51,0,0.62,0,0,0,0,0,0,0,0,0,0,0,0,0,0,0,0,0,0,0,0,0,0,0,0,0,0,0,0,0.456,0.273,0,2.52,22,121
0,0,0.24,0,0,0,0,0,0,0.48,0,0.24,0,0,0,0,0.48,0.24,0.72,0.48,0.72,0,0,0,1.69,0,0,0,0,0,0,0,0,0,0,0,0,0,0,0,0,0,0,0,0,0,0,0,0,0.035,0,0,0,0,3.179,87,283
0,0,0,0,0.38,0.38,0.38,0.38,0,0,0.38,0,0,0,0,0.38,0,0,3.87,0,1.93,0,0,0.38,0,0,0,0,0,0,0,0,0,0,0,0,0,0,0,0,0,0,0,0,0,0,0,0,0,0,0,0.123,0,0,2.062,12,99
0.89,0,0,0,0.89,0.89,0,0,0,0,0,0,0,0,0,0,0,0,2.67,0,1.78,0,0,0,1.78,0.89,1.78,0.89,0,0.89,0,0,0,0,0.89,0,0.89,0,0,0,0,0,0,0,0.89,0,0,0,0.149,0.298,0,0,0,0,2.259,15,61
0.26,1.07,0,0,1.61,0,1.07,0.26,0.26,0,0,0.8,0,0,0,0,0,1.61,3.5,0,1.34,0,0,0.26,0,0,0,0,0,0,0,0,0,0,0,0,0,0,0,0,0,0,0,0,0.8,0,0,0,0,0.092,0,0.324,0,0,7.369,52,339
0,0,0,0,0,0,0,0,0,0,0,0,0,0,0,0,0,0,0,0,0,0,0,0,2.12,6.38,0,0,0,0,0,0,0,0,0,0,2.12,0,0,0,0,0,0,0,0,0,0,0,0,0,0,0,0,0,1.722,7,31
0,0,0,0,1.92,0,0,0,0,0,0,2.88,0,0,0,0,0,0,0,0,0,0,0,0,0.96,0.96,0,0,0,0,1.92,0,0,0,0.96,0,0.96,0,0.96,0,0,0,0,3.84,0,0,0,0,0,0,0,0,0,0.161,2.307,14,90
0,0.6,0,0,0,0.6,0,0,0,0.3,0,1.21,0,0,0,0,0.3,0,0.3,0,0.3,0,0.6,0,0,0,0,0,0,0,0,0,0,0,0,0,0,0,0,0,0,0,0,0,0,0,0,0,0,0.146,0,0,0.097,0,3.23,77,210
0,0.15,0.07,0,0.23,0,0,0.07,0.07,0.07,0,1.48,0.15,0.23,0,0.07,1.01,0,0.15,0.07,0,0,0.15,0.07,3.11,0,0,0,0,0,0,0,0.15,0,0,0,0.15,0,0,0,0,0.46,0,0,0.23,0,0,0,0.185,0.098,0,0,0.043,0,2.013,24,576
0,0,0,0,0,0,0,0,0,0,0,0,0,0,0,0,0,0,0,0,0,0,0,0,0,0,0,0,0,0,0,0,0,0,0,0,0,0,0,0,0,0,0,0,0,10,0,0,0,0,0,3.26,0,0,1,1,5
0,0,0,0,0,0,0,0,0,0,0,0,0,0,0,0,0,0,0,0,0,0,0,0,0,0,0,0,0,0,0,0,0,0,0,0,0,0,0,0,0,0,0,16.66,0,0,0,0,0,0,0,0,0,0,1.5,3,6
0.31,0,0,0,0,0,0,0,0,0,0,0.62,0,0,0,0,0,0,0.31,0,0,0,0,0,0.31,0,0,0,0,0.31,0,0,0.31,0,0,0,0,0,0.31,0,0,0,0,0,0,0,0,0,0,0,0,0,0,0,1.446,6,94
0,0,0.47,0,0.47,0,0,0.47,0,0,0,0.94,0,0,1.88,0,0.47,0.47,2.83,0,2.35,0,1.41,0,0,0,0,0,0,0,0,0,0,0,0,0,0,0,0.47,0.47,0,0,0,0,0,0,0,0,0,0.164,0,0.082,0.41,0,5.074,60,137
0,0,0,0,0,0,0,1.12,0,0,0,0,0,0,0,0,0,0,0,0,0,0,1.12,0,0,0,0,0,0,0,0,0,0,0,0,0,0,0,0,0,0,0,0,0,1.12,0,0,0,0,0.204,0,0.408,0.408,0,4.1,25,82
0,0.8,0,0,0.6,0,0,0.2,0,0.2,0,0,0,0,0,1.8,0,2.2,1.8,0,2.81,0,0,0,0,0,0,0,0,0,0,0,0,0,0,0,0,0,0,0,0.2,0,0,0,0.2,0.2,0,0,0,0,0,0.06,0,0,2.55,43,227
0,0,0.32,0,0.65,0.65,0.32,0.32,0,0,0,0.32,0.32,0,0,0.32,0.32,0,2.28,0,3.25,0,0,0.32,0,0,0,0,0,0,0,0,0,0,0,0,0,0,0,0,0,0,0,0,0.32,0,0,0,0,0.112,0,0,0.169,0,1.494,10,139
0,0,0,0,0.47,0,1.41,0,0,0,0.47,0.47,0,0,0,0.47,0,1.88,1.41,0.47,1.41,0,0,0,0,0,0,0,0,0,0,0,0,0,0,0,0,0,0,0,0,0,0,0,0,0,0,0,0,0,0,0.144,0.288,0,3.745,54,191
1.12,0,0,0,0,1.12,0,0,0,0,0,0,0,0,0,0,0,0,0,0,0,0,0,0,0,0,1.12,0,0,0,0,0,0,0,0,0,0,0,0,0,0,0,0,0,1.12,0,0,0,0,0,0,0.204,0,0,1.214,3,34
0,0,0,0,0,1.01,0,0,0,0,0,0,0,0,0,0,0,0,2.02,0,1.01,0,0,0,2.02,1.01,3.03,1.01,1.01,1.01,1.01,1.01,0,1.01,1.01,1.01,0,0,0,1.01,0,0,0,0,1.01,0,0,0,0,0.476,0,0,0,0,1.875,11,45
0,0,0,0,0,0,0,0,0,1.56,0,0,0,0,0,0,0,0,1.56,0,0,0,0,0,1.56,1.56,0,3.12,0,0,0,0,0,0,0,1.56,0,0,0,0,0,0,0,0,0,0,0,0,0,0.484,0,0,0,0,3,11,81
0,0,0,0,0,0,0,0,0,0,0,0,0,0,0,0,0,0,0,0,0,0,0,0,4.41,4.41,0,1.47,0,0,0,0,0,0,1.47,0,0,0,0,0,0,0,0,0,0,0,0,0,0,0,0,0,0,0,2.565,10,59
0,1.08,0,0,0,0,0,0,0,0,0,1.08,0,0,0,0,0,0,0,0,0,0,0,0,0,0,0,0,0,0,0,0,0,0,0,0,0,0,0,0,0,0,0,0,0,0,0,0,0,0.181,0,0,0,0,1.612,11,50
0.38,0,1.9,0,1.14,0,0,0,0.38,0.38,0,0,0,0,0,0,0,0,0.38,0.76,0,0,0,0,0.38,0,0,0,0,0,0,0,0,0,0,0,0,0,0,0,0,0,0,0,0,0,0,0,0,0,0,1.008,0.059,0,295,1177,1180
0.46,0,0.46,0,0,0,0,0.46,0,0,0,1.38,0,0,2.31,0,0.46,0.46,2.77,0,2.31,0,1.38,0,0,0,0,0,0,0,0,0,0,0,0,0,0,0,0,0.46,0,0,0,0,0,0,0,0,0,0.49,0,0.081,0.816,0,3.4,12,102
0,0.36,0,0,0.36,0,0,0,0,0.36,0,0.36,0,0,0,0,0,0,1.08,0,0,7.22,0,0,0,0,0,0,0,0,0,0,0,0,0,0,0,0,0,0,0,0,0,0,0,0,0,0,3.972,0,0,0.063,0,0.504,6.423,43,334
0.05,0,0.31,0,0,0.05,0,0.05,0.47,0,0,0.15,0,0,0,0,0.26,0.05,0.21,0,0.15,0,0,0,0.79,0.85,0.05,0,0,0,0,0,0.47,0,0,0,0.85,0,0,0,0,0,0,0,0,0,0,0,0.112,0.202,0.067,0,0.014,0,3.117,52,1303
0,0,0,0,0,0,0,0,0,0,0,0,0,0,0,0,0,0,3.7,0,0,0,0,0,0,0,0,0,0,0,0,0,0,0,0,0,0,0,0,0,0,0,0,0,0,0,0,0,0,0,0,4.733,0,0,2.666,11,24
0,0,0,0,0,0,0,0,0,0,0,0,0,0,0,0,0,0,0,0,0,0,0,0,0,0,0,0,0,0,0,0,0,0,0,0,0,0,0,0,0,0,0,0,0,0,0,0,0,0,0,0,0,0,1,1,5
0.71,0,0.71,0,0,0,0,0,0,0.71,0,1.43,0,0,0,1.43,0,0,1.43,0,0,0,0,0,0,0,0,0,0,0,0,0,0,0,0,0,0,0,0,0,0,0,0,0,0,1.43,0,0,0,0,0,0,0,0,1.032,2,32
0,0,0,0,0,0,0,0,0,0,0,1.49,0,0,0,0,0,0,0,0,0,0,0,0,2.23,0.74,0,0,0,0.74,0,0,0,0,0,0,1.49,0,1.49,0,0,0,0,0,0,0,0,0,0,0,0,0,0,0,4,45,140
0,0,0.6,0,0,0,0,0,0,0,0,0.43,0.08,0,0,0,0,0,3.02,0,1.03,0,0,0,0,0,0,0,0,0,0,0,0,0,0,0,0,0,0.08,0,0,0,0,0,0.51,0,0,0,0,0.083,0,0.099,0,0,1.329,18,214
0,0,0,0,4.16,0,0,0,0,0,0,4.16,0,0,0,0,0,0,4.16,0,0,0,0,0,0,0,0,0,0,0,0,0,4.16,0,0,0,0,0,0,0,0,4.16,0,0,0,0,0,0,0,0.689,0,0.689,0,0,1.3,4,13
0,0,0,0,0,0,0,0,0,3.7,0,0,0,0,0,0,0,0,3.7,0,7.4,0,0,0,0,0,0,0,3.7,0,0,0,0,0,0,0,0,0,0,0,0,0,0,0,0,0,0,0,0,0,0,0,0,0,2,4,8
0,0,0.61,0,0,0,0,0,0,0,0,1.84,0,0,0,0,0,0,0,0,0,0,0,0,0,0.61,0,0,0,0,0,0,0,0,0,0,0,0,0,0,0,0,0,0,0,0,0.61,0,0.079,0.158,0,0,0,0,2.508,17,143
0,0,0,0,1.46,0,0.83,0,0.2,1.04,0,0.41,0,0,0,0,0,1.46,1.04,0,0.2,0,0.2,0,1.46,1.46,0,0,0,0,0,0,0,0,0,0,0,0,0.2,0,0,0,0,0,0,0,0,0,0.182,0.401,0.109,0.182,0.146,0,3.791,26,364
0,0,0,0,0,0,0,0,0,0,0,0,0,0,0,0,0,0,0,0,0,0,0,0,3.44,3.44,0,0,0,0,0,0,0,0,0,0,6.89,0,0,0,0,0,0,0,3.44,0,0,0,0,0,0,0,0,0,2.818,8,31
0,0,0,0,0,0,0,0,0,0,0,4.65,0,2.32,0,0,0,0,0,0,0,0,0,0,0,0,0,0,0,0,0,0,0,0,0,0,0,0,0,0,0,0,0,0,0,0,0,0,0,0,0,0.448,0,0,2,4,28
0,0,0,0,2.38,0,0,0,0,0,0,0,0,0,0,0,0,0,0,0,0,0,0,0,0,0,0,0,0,0,0,0,0,0,0,0,0,0,2.38,0,0,4.76,0,0,0,0,0,0,0,0,0,0,0,0,2.111,6,19
0,0,0,0,0,0,0,1.29,0,0.43,0,0,0,0,0,0.43,0,1.73,0.43,0,0.43,0,0,0,0,0,0,0,0,0,0,0,0,0,0,0.43,0,0,0,0,0,0,0,0,0,0,0,0,0,0.124,0,0.31,0.062,0,1.477,8,65
0,0,0.91,0,0,0,0,0,0,0,0,0.91,0.91,0,0,0,0,0,5.5,0,0.91,0,0,1.83,0,0,0,0,0,0,0,0,0,0,0,0,0,0,0,0,0,0,0,0,0.91,0.91,0,0,0,0,0,0.13,0,0,2.457,47,86
0,0,0.32,0,0.64,0.64,0.64,0.32,0.32,0,0,0.32,0.32,0,0,0.32,0.32,0.32,2.25,0,3.21,0,0,0.32,0,0,0,0,0,0,0,0,0,0,0,0,0,0,0,0,0,0,0,0,0.64,0,0,0,0,0.156,0,0,0.156,0,1.752,19,149
0,0,0,0,0,0,0,0,0,0,0,0,0,0,0,0,0,0,0.7,0,0,0,0,0,0,0,0,0,0,0,0,0,0,0,0,0,0,0,0,0,0,0,0,0,0,0,0,0,0,0.191,0,0,0.095,0.095,1.688,11,103
0,0,0.48,0,0.96,0,0,0,0.48,0,0,0,0,0,0,0.96,0.96,0,1.44,0,0.48,0,0.96,0,0,0,0,0,0,0,0,0,0,0,0,0,0,0,0,0,0,0,0,0,0.48,0,0,0,0,0.133,0.066,0.468,0.267,0,3.315,61,242
0,0.64,0.64,0,0.32,0,0,0,0,0,0,0.64,0,0,0,0.32,0,1.29,1.62,0,0.97,0,0,0,0,0,0,0,0,0,0,0,0,0,0,0,0,0,0,0,0,0,0,0,0,0,0,0,0,0.053,0,1.065,0,0,3.932,61,291
0,0,0,0,0,0,0,0,0,0,0,0,0,0,0,0,0,0,0,0,0,0,0,0,0,0,20,0,0,0,0,0,0,0,0,0,0,0,0,0,0,0,0,0,0,0,0,0,0,0,0,0,0,0,1,1,5
0,0,0,0,0,0,0,0,0,0,0,0,0,0,0,0,0,0,0,0,0,0,0,0,16.66,0,0,0,0,0,0,0,0,0,0,0,0,0,0,0,0,0,0,0,0,0,0,0,0,0,0,0,0,0,5,17,20
0,0,0.53,0,0.53,0,0.53,0,0,0.53,0,0,0,0,0,0,0.53,0,5.85,0,3.19,0,0,0,0,0,0,0,0,0,0,0,0,0,0,0,0,0,0,0,0,0,0,0,0,0,0,0,0,0.09,0,0.361,0,0,2.437,19,78
0,0,0,0,0,0,0,0,0,0,0,0,0,0,0,0,0,0,0,0,0,0,0,0,0,0,9.09,0,0,0,0,0,0,0,0,0,0,0,0,0,0,0,0,0,0,0,0,0,0,0,0,1.282,0,0,1,1,8
0,0,0,0,0,0,0,0,0,0,0,0,0,0,0,0,0,0,5,0,0,0,0,0,0,0,0,0,0,0,0,0,0,0,0,0,0,0,0,0,0,0,0,0,0,5,0,0,0,0,0,1.724,0,0,1,1,6
0,0,0,0,0,0,2.46,0,0,0,0,0,0,0,0,2.46,0,0,0,0,0,0,0,0,0,0,0,0,0,0,0,0,0,0,0,0,0,0,0,0,0,0,0,0,0,0,0,0,0,0,0,1.907,0,0,1.285,7,36
0.33,0.67,0,0,0,0,0.67,0.33,0.33,0.33,0,0.67,0,0,0,0,0.67,1.01,2.02,0,0.67,0,0,0,0,0,0,0,0,0,0,0,0,0,0,0,0,0,0,0,0,0,0,0,0,0,0,0,0,0,0,0,0.048,0,1.204,6,59
0,0,0,0.14,0.42,0,0,0.14,0,0,0,0.98,0,0.14,0,0,0.7,0,0,0,0,0,0,0,1.82,0.28,0,0,0.28,0.7,0,0,0,0,0,0.28,0.14,0,0,0,0,0,0,0,0.14,0,0,0,0,0.077,0,0,0,0,1.502,6,257
0,0,0,0,2.04,0,0,0,0,0,0,0,0,0,0,0,0,0,0,0,0,0,0,0,4.08,2.04,2.04,2.04,2.04,2.04,2.04,2.04,0,2.04,2.04,2.04,0,0,0,2.04,0,4.08,0,0,0,0,0,0,0,0.671,0,0,0,0,2.5,11,35
0.16,0.16,0.16,0,0.83,0.16,0,0.16,0,0,0,0.5,0.16,0,0,0,0,0,2.34,0,0.67,0,0,0,0,0,0,0,0,0,0,0,0,0,0,0,0,0,0,0,0,0,0,0.16,0.33,0.16,0,0,0.087,0.058,0,0,0,0,1.901,16,135
0,0,0,0,0,0,0,0,0,0,0,1.81,0,0,0,0,0,0,0,0,1.81,0,0,0,0,0,0,0,0,0,0,0,0,0,0,0,0,0,0,0,0,0,0,0,0,0,0,0,0,0,0,0.309,0,0,1.333,11,56
0,0,0.51,0,1.03,0.51,0,0,0,0,0.51,1.03,0,0.51,0,0,0.51,0.51,2.59,0,5.18,0,0,0,0,0,0,0,0,0,0,0,0,0,0,0,0,0,0,0,0,0,0,0,0,0,0,0,0,0.074,0,0.373,0.149,0,7.233,71,217
1.18,0.39,0.59,0,0,0.98,0.19,0.19,1.38,0.39,0,0.98,0,0.19,0,0.98,0,0,2.56,0.39,1.38,0,0,1.38,0,0,0,0,0,0,0,0,0,0,0,0,0,0,0,0,0,0,0,0,0,0,0,0,0,0.231,0,0.745,0.308,0.025,6.652,76,632
0,0.54,0.54,0,2.19,0,1.09,0,0,0,0,0.54,0.54,0,0,0.54,3.29,0,3.84,0,1.64,0,0,0,0,0,0,0,0,0,0,0,0,0,0,0,0,0,0,0,0,0,0,0,0,0,0,0,0,0.241,0,1.045,0.321,0,5.047,140,212
0,0,0,0,0,0,0,0,0,0,0,0.89,0,0,0,0,0,0,0,0,0,0,0,0,0,0,0,0,0,0,0,0,0,0,0,0,0.89,0,0,0,0,0,0,0,0,0,0,0,0,0,0,0,0,0,1.583,8,38
0,0,0,0,0,0,0,0,0,0,0,0,0,0,0,0,0,0,0,0,0,0,0,0,0,0,0,0,10,0,0,0,0,0,0,0,0,0,0,0,0,5,0,0,0,0,0,0,0,0,0,0,0,0,1.428,3,10
0,0,0,0,0,0,0,0,0,0,0,0,0,0,0,0,0,0,8.1,0,0,0,0,0,0,0,0,0,0,0,0,0,0,0,0,0,0,0,0,0,0,0,0,0,2.7,0,0,0,0,0,0,0,0,0,1,1,5
0,0,0,0,0,0,0,0,0,0,0,1.42,0,0,0,1.42,0,0,0,0,0,0,0,0,0,0,0,0,0,0,0,0,0,0,0,0,0,0,0,0,0,0,0,0,0,0,0,0,0,0,0,0,0,0,2.058,5,35
0.08,0,0.32,4.31,0.08,0.16,0.08,0.08,0,0,0.08,0.24,0.32,0,0,0.08,0,0.32,1.87,0,0.57,0,0.16,0.24,0,0,0,0,0,0,0,0,0,0,0,0,0.08,0,0,0,0,0,0,0,0.16,0,0,0,0.344,0.068,0,0.55,0.082,0.151,15.547,339,2923
0,0.55,0,0,0,0,0,0,0,0,0,1.67,0,0,0,0,0,0,2.79,0,1.67,0,0,0,0,0,0,0,0,0,0,0,0.55,0,0,0,0,0,0,0,0,0,0,0,0,0,0,0,0,0.083,0,0,0,0,1.392,4,39
0,0,0,0,0,0,0,0,0,1.22,0,0,0,0,0,0,0,0.61,1.84,0,0,0,0,0,2.45,1.84,1.22,1.22,0.61,0.61,0.61,0.61,0,0.61,1.22,0.61,0.61,0,0,0.61,0,0,0.61,0,0.61,0,0,0,0.095,0.38,0.19,0.19,0,0,1.857,12,104
0,0,0,0,0,0,0,0,0,0,0,0,0,0,0,0,0,0,0,0,0,0,0,0,0,0,4.54,0,0,0,0,0,0,0,0,0,0,0,0,0,0,0,0,0,0,0,0,0,0,0,0,0,0,0,1.545,6,17
0.8,0,0.8,0,1.61,0,0,0,0,0,0,0,0,0,0,0.8,0.8,0,1.61,0,2.41,0,0.8,0,0,0,0,0,0,0,0,0,0,0,0,0,0,0,0,0,0,0,0,0,0,0,0,0,0,0,0,1.562,0.36,0,2.638,22,124
0,1.16,0.38,0,0,0,1.16,0,0,0.77,0.38,0.77,0,0,0,1.93,0,0.38,2.32,0,1.16,0,0,0,0,0,0,0,0,0,0,0,0,0,0,0,0.38,0,0,0,0,0,0,0,0.38,0,0,0,0,0,0,0.198,0,0.148,9.266,332,556
0,0,0,0,0,0,0,0,0,0,0,0,0,0,0,0,0,0,0,0,0,0,0,0,5.71,2.85,0,0,0,0,0,0,0,0,0,0,0,0,0,0,0,0,0,0,0,0,0,0,0,0,0,0,0,0,1.25,2,10
0,0,0,0,0,0,0,0,0,0.5,0,0,0,0,0,0,0,0,0,0,0,0,0,0,0,0,0.5,0,0.5,0,0,0,0.5,0,0,0,0,0,0,0,0,0,0,0,0,0,0,0,0,0.505,0.168,0,0,0.084,4.068,28,236
0,0,0,0,0,0,0,0,0,0,0,0,0,0,0,0.92,0.46,0.92,1.85,0.46,1.85,0.46,0.46,0,0,0,0,0,0,0,0,0,0,0,0,0,0,0,0,0,0,0,0,0,0,0,0,0,0,0.142,0,0.142,0.5,0.285,1.636,10,126
0.14,0.18,0.79,0,0.04,0.14,0.18,0.28,0.28,0.84,0.18,0.46,0.61,0.09,0.32,0.89,0.37,0.46,3.8,0.04,1.87,0,0.46,0.28,0,0,0,0,0,0,0,0,0,0,0,0,0,0,0,0.28,0,0,0,0,0.28,0.04,0,0,0,0.101,0,0.522,0.109,0.062,5.759,116,2062
0,0,0,0,0,0,0,0,0,0,0,0,0,0,0,0,0,0,0,0,0,0,0,0,0,0,20,0,0,0,0,0,0,0,0,0,0,0,0,0,0,0,0,0,0,0,0,0,0,0,0,0,0,0,1,1,5
0,14.28,0,0,0,0,0,0,0,0,0,0,0,0,0,0,0,0,0,0,0,0,0,0,0,0,0,0,0,0,0,0,0,0,0,0,0,0,0,0,0,0,0,0,0,0,0,0,0,0,0,0,0,0,1.8,5,9
0.58,0,0.19,0,1.75,0.39,0.58,0,0,0.19,0.39,0.78,0.39,0,0,0.58,0.58,0.58,4.29,0,0.39,0,0.78,0,0,0,0,0,0,0,0,0,0,0,0,0,0,0,0,0,0,0,0,0,0.39,0,0,0,0,0.271,0,0.067,0.135,0,3.015,21,190
0,0,0,0,0,0,0,0,0,0,0,0,1.38,0,0,0,0,0,0,0,1.38,0,0,0,0,0,0,0,0,0,0,0,0,0,0,0,0,0,0,0,0,0,0,0,0,0,0,0,0,0,0,0.486,0,0,2.681,11,59
0,0,0,0,0.76,0,0,0,0,0,0,0,0,0,0,0,0.76,0,0,0,0,0,0,0,2.3,0.76,0,0,0,1.53,0,0,0,0,0,0,0,0,0,0,0,0,0,0,0,0,0,0,0,0,0,0,0,0,2.3,7,138
0,0,0,0,0,0,0,0,0,0,0,0,0,0.73,0,0,0,0,0,0,0,0,0,0,0,0,0,0.73,0,0,0,0,0,0,0,0.73,0,0,0,0,0,0,0,0,0,0.36,0,0,0.21,0.21,0,0,0.105,0,1.866,22,112
1.18,0.39,0.59,0,0,0.98,0.19,0.19,1.38,0.39,0,0.98,0,0.19,0,0.98,0,0,2.56,0.39,1.38,0,0,1.38,0,0,0,0,0,0,0,0,0,0,0,0,0,0,0,0,0,0,0,0,0,0,0,0,0,0.232,0,0.749,0.31,0.025,6.652,76,632
0,0,0.34,0,0,0,0.34,0,0,0.34,0,0.34,0,0,0,0.68,0.34,0.34,0.68,0.34,0.34,0,0,0,0,0,0,0,0,0,0,0,0,0,0,0,0,0,0,0.34,0,0,0,0,0,0,0.34,0,0,0.393,0,0.224,0.056,0,2.257,17,158
0,0,0.4,0,0,0,0,0,0,0,0,0,0,0,0,0,0,0,0.8,0,0,0,0,0.4,0,0,0,0,0,0,0,0,0,0,0,0,0,0,0,0,0,0,0,0,0.4,0.4,0,0,0,0,0.145,0,0,0,1.372,5,70
0,0,0,0,0,0,0,0,0,0,0,0,0,0,0,0,0,0,0,0,0,0,0,0,8.33,4.16,4.16,4.16,4.16,4.16,4.16,4.16,0,4.16,4.16,4.16,0,0,0,4.16,0,0,0,0,0,0,0,0,0,1.092,0,0,0,0,3.333,11,30
0,0,0,0,0.53,0,0,0,0,0,0,0.53,0.53,0,0,0,0,0,0.53,0,1.06,0,0,0,0,0,1.06,0,0,0,0,0,0,0,0,0,0,0,0,0,0,0,0,0,0.53,0,0,0,0,0.188,0,0,0,0,1.142,3,40
0.17,0,0.68,0,0.34,0.34,0,0,0,0,0,0,0,0,0,0,0,0.34,4.8,0,1.88,0,0,0,0,0,0,0,0,0,0,0,0,0,0,0,0,0,0,0,0,0,0,0,0.51,0.17,0,0,0,0.032,0,0.065,0,0,1.189,5,69
0,0,0,0,0,0,1.66,0,0,0,0,0,0,0,0,0,0,0,3.33,0,0,0,0,3.33,0,0,0,0,0,0,0,0,0,0,0,0,0,0,0,0,0,0,0,0,0,0,0,0,0,0,0,0.368,0,0,2.611,12,47
0.15,0,0.3,0,1.23,0.61,0,0.61,0,0.15,0,0.3,0,0,0.15,0.3,1.54,2.32,1.85,0,1.08,0,0,0.3,0,0,0,0,0,0,0,0,0,0,0,0,0,0,0,0.46,0,0,0,0,0,0,0,0,0,0.128,0,0.615,0.025,0,1.377,13,186
0.25,0,0.51,0,0.25,1.28,0,0,0.77,0.51,0,0.25,0,0,0,0,0,0.51,1.79,0,0.77,0,2.05,0,0.51,0.51,0,0,0,0,0,0,0,0,0,0,0.25,0,0,0,0,0,0,0,0,0,0,0,0,0.086,0,0.26,0.173,0,3.298,16,287
0,0,0.4,0,0,0.4,0,0,0,0,0,0,0,0,0,0.4,0,0.4,0.4,0,0.4,0,0,0,0,0,0,0,0,0,0,0,0,0,0,0,0.81,0,0,0,0,0,0,0,0.4,0.4,0,0,0,0.323,0.053,0,0,0.053,5.263,70,300
0,0,0,0,0,0,0,0.71,0,0,0,0.71,0,0,0,1.43,0,0,4.31,0,1.43,0,0,0.71,0,0,0,0,0,0,0,0,0,0,0,0,0,0,0,0,0,0,0,0,2.15,0,0,0,0,0.265,0,0.132,0,0,2.322,16,72
0,0,1.56,0,1.56,0,0,0,0,1.56,0,6.25,0,0,0,0,0,1.56,1.56,0,1.56,0,0,0,0,0,0,0,0,0,0,0,0,0,0,0,0,0,0,0,0,0,0,0,0,0,0,0,0,0.278,0,0,0,0,1,1,11
0,0,0,0,0,0,0,0,0,0,0,0,1.4,0,0,0,0,1.4,2.81,0,0,0,0,0,0,0,0,0,0,0,0,0,0,0,0,0,0,0,0,0,0,0,0,0,0,0,0,0,0,0,0,0,0,0,1.125,2,9
0,0,1.33,0,1.78,0.44,0,0.44,0,0,0,0,0,0,0,0,0,0,4.46,0.89,0.89,0,0.44,0,0,0,0,0,0,0,0,0,0,0,0,0,0,0,0,0,0,0,0,0,0.44,0,0,0,0.078,0.078,0,0,0,0,1.541,5,37
0.04,0.02,0.12,0,0.08,0.02,0,0.08,0,0.06,0.02,0.5,0.06,0,0.02,0.02,0.14,0.12,0.25,0,0.19,0,0.04,0,0,0,0.1,0,0.02,0,0,0,1.97,0,0,0.19,0.97,0.02,0,0.02,0.1,0.02,0,0.14,0,0.33,0.02,0.1,0.024,0.198,0,0,0.018,0.003,2.43,81,3337
0,0,0,0,0,0,0,0,0.68,0,0.68,0,0,0,0,0.68,0,2.04,4.08,0,0.68,0,0,0,0,0,0,0,0,0,0,0,0,0,0,0,0,0,0,0,0,0,0,0,0,0,0,0,0,0,0,0.523,0,0,1.218,5,39
0,0,0,0,0,0,0,0,0,1.19,0,2.38,0,0,0,0,0,0,1.19,0,0,0,0,0,1.19,1.19,0,2.38,0,0,0,0,0,0,0,1.19,0,0,0,0,0,0,0,0,0,0,0,0,0,0.621,0,0,0,0,2.617,11,89
0,0,0,0,0,0,0,0,0,2.55,0,0,0,0,0,0,0,0,3.06,0,0,0,0,0,0,0,0,0,0,0,0,0,0,0,0,0,0,0,0,0,0,0,0,0,1.02,1.02,0,0,0,0.253,0,0.169,0.169,0,1.677,7,52
0,0,0,0,0,0,0,0,0,0,0,0,0,0,0,0,0,0,0,0,0,0,0,0,0,0,0,0,0,0,0,0,0,0,0,0,0,0,0,0,0,0,0,0,0,6,0,0,0,0,0,0,0,0,3.176,15,54
0,0,0,0,1.88,0,0,1.88,0,0,0,0,0,0,0,0,0,0,0,0,0,0,0,0,0,0,0,0,0,0,0,0,0,0,0,0,0,0,0,0,0,0,0,0,0,0,0,0,0,0.206,0,0,0,0,2.45,11,49
0,0,0,0,0,1.29,0,0.64,0,0,0,0,0,0,0,0,0,0,3.87,0,0.64,0,0,0,0,0,0,0,0,0,0,0,0,0,0,0,0,0,0,0,0,0,0,0,0,0,0,0,0,0,0,1.116,0.111,0,1.8,12,63
0,0.22,0.45,0,0.68,0,0.22,0.22,0.9,0.68,0.45,0.9,0,0,0,0.68,0,0.9,3.86,0,1.13,0,0,0.45,0,0,0,0,0,0,0,0,0,0,0,0,0,0.45,0,0,0,0,0,0,0.22,0,0,0,0,0.033,0,1.103,0.133,0.033,7.166,54,430
0.28,0,0,0,0,0,0,0.28,0,0,0,0.84,0.56,0,0.84,0.84,0.28,4.51,2.54,0,2.54,0,0.28,0,0,0,0,0,0,0,0,0,0,0,0,0,0,0,0,0,0,0,0,0,0,0,0,0,0,0.091,0,1.147,0.045,0,7.178,104,524
0,0,1.26,0,0,0,0,0,0,0,0,0,1.26,0,0,0,2.53,5.06,2.53,0,3.79,0,0,0,0,0,0,0,0,0,0,0,0,0,0,0,0,0,0,0,0,0,0,0,0,0,0,0,0,0,0,1.9,0.475,0,1.763,11,67
0,0,0,0,0,0,0,0,0,0,0,0.84,0,0,0,0,0,0,5.04,0,0.84,0,0,0,0,0,0,0,0,0,0,0,0,0,0,0,0,0,0,0,0,0,0,0,0.84,0,0,0,0,0.143,0,0.143,0,0,1.37,4,37
0,0,2.56,0,0,0,0,0,0,0,0,0,0,0,0,0,0,0,5.12,0,0,0,0,0,0,0,0,0,0,0,0,0,0,0,0,0,0,0,0,0,0,0,0,0,0,0,0,0,0,0.308,0,1.543,0,0,2.777,6,25
0,0,0,0,0.88,0,0,0,0,2.65,0.88,0,0,0,0,0,0,0,1.76,0,0,0,0,0,1.76,0.88,1.76,0.88,0.88,0.88,0.88,0.88,0,0.88,0.88,0.88,0.88,0,0.88,0.88,0,0,0.88,0,2.65,0,0,0,0.142,0.855,0,0.285,0,0,1.777,12,80
0,0,0.27,0,0.27,0.27,0.27,0.27,0,0,0.54,0.82,0,0,0,0.82,0.54,1.09,2.46,2.46,2.73,0,0,0.54,0,0,0,0,0,0,0,0,0,0,0,0,0,0,0,0,0,0,0,0,0,0,0,0,0,0.043,0,0.13,0,0.086,4.6,139,276
0.09,0.49,0.59,0,0.39,0.19,0,0,0.09,0.39,0,1.59,0.19,0,0,0,0.09,0,3.79,0,1.09,0,0,0.09,0,0,0,0,0,0,0,0,0,0,0,0,0,0,0,0,0,0,0,0,0,0,0,0,0.778,0.037,0,5.924,1.33,0,5.8,54,725
0,0.36,0,0,0,0.36,1.47,0,0,0.36,0.36,0.73,0,0,0,0.36,0,1.1,2.2,0,0.73,0,0.36,0,0,0,0,0,0,0,0,0,0,0,0,0,0,0,0,0,0,0,0,0,0,0,0,0,0,0.183,0,0.367,0.061,0.122,4,36,264
0,0,0,0,5.26,0,0,0,0,0,0,0,0,0,0,0,0,0,0,0,0,0,0,0,0,0,0,0,0,0,0,0,0,0,0,0,0,0,0,0,0,0,0,0,0,0,0,0,0,0,0,0,0,0,2,7,12
0,0,0.32,0,0.65,0.65,0.32,0.32,0,0,0,0.32,0.32,0,0,0.32,0.32,0,2.28,0,3.26,0,0,0.32,0,0,0,0,0,0,0,0,0,0,0,0,0,0,0,0,0,0,0,0,0.32,0,0,0,0,0.105,0,0,0.158,0,1.494,10,139
0.14,0,0.28,0,0.09,0.24,0.04,0.04,0.24,0,0,0.52,0.04,0.09,0,0,0.14,0,0.24,0.04,0.28,0,0.38,0.14,0,0,0,0,0,0,0,0,0,0,0,0.19,0,0,0,0.04,0,0,0,0.04,0.09,0,0,0,0,0.061,0,0.007,0.099,0,1.867,14,521
0,0,0,0,1.21,0,0,0.6,0,0.6,1.21,0,0,0,0,1.82,0,0,4.26,0,0,0,0,0,0,0,0,0,0,0,0,0,0,0,0,0,0,0,0,0,0,0,0,0,0,0,0,0,0,0.29,0,0.193,0,0,1.861,26,67
0,0,0,0,0,0,0,0,0,0,0,0,0,0,0,0,0,0,0,0,0,0,0,0,0,0,0,0,0,0,0,0,0,0,0,0,0,0,0,0,0,0,0,0,0,0,0,0,0,0,0,0,0,0,1,1,2
0,0,0,0,0,0,0,0,0,2.11,0,0,0.7,0,0,0.7,0,0.7,2.11,0,0,0,0,0,0,0,0,0,0,0,0,0,0,0,0,0,0,0,0,0,0,0,0.7,0,0.7,0.7,0,0,0,0,0,0.336,0,0,2.97,68,101
0.26,0.46,0.99,0,0.53,0,0,0.53,0.19,1.12,0.26,0.73,0.66,0,0.06,0.26,0.13,0.26,3.78,0,3.32,0,0.39,0.26,0,0,0,0,0,0,0,0,0,0,0,0,0,0,0,0,0,0,0,0,0,0,0,0,0.011,0.023,0,0.449,0.265,0.034,13.235,272,1575
0.75,0.18,0.37,0,0.18,0.12,0,0.25,0.75,0.31,0.25,1.51,0.31,0.37,0,0.37,0.44,0.12,2.96,0.69,1.26,0,0.44,0.75,0,0,0,0,0,0,0,0,0,0,0,0,0.12,0,0,0.12,0,0,0.06,0,0,0,0,0,0,0.085,0.053,0.437,0.234,0.064,3.675,45,1066
